Generation: 848 (runtime: 67981 seconds)
31.558844176388504,[316.15276913052264,115.11414923541969,589.0214949050904,33.57845269144254,41.146464305278876,19.60800126594119,22.611931527967016,0.5423315589291786,177.31075240857362]
31.558950007100393,[316.15011446238293,115.66952130193353,588.6569806053835,33.57845291027744,41.03325860451646,19.636832461473315,22.611931510385105,0.5423416541528796,177.27597855541018]
31.558983481171165,[316.15011446238293,115.66952130193353,588.6569806053835,33.57845291027744,41.03325860451646,19.637365415861506,22.611931510385105,0.5423416541528796,177.27597855541018]
31.559483533322883,[316.15276913052264,115.09660839709323,589.0214949050904,33.57845269144254,41.146464305278876,19.63737107456575,22.611931527967016,0.5423315589291786,177.27558219140522]
31.559814639682557,[316.149926652624,115.76410287456247,588.6413538964124,33.57845242441831,40.95563751019469,19.637343764906184,22.61193164171261,0.542348538160989,177.27529591756883]
31.560545451287226,[316.1504464872742,115.76410287456247,588.6413538964124,33.57845242441831,40.967019923080585,19.637343764906184,22.61193164171261,0.542348538160989,177.27529591756883]
31.560545598448588,[316.149926652624,115.76410287456247,588.6413538964124,33.57845242441831,40.967019923080585,19.637343764906184,22.61193164171261,0.542348538160989,177.27529591756883]
31.560593805407958,[316.15276913052264,115.1114391621094,589.0214949050904,33.57845269144254,41.146464305278876,19.63737107456575,22.611931527967016,0.5423315589291786,177.27558219140522]
31.560746048061088,[316.15276913052264,115.11414923541969,589.0214949050904,33.57845269144254,41.146464305278876,19.63732400757884,22.611931850321064,0.5423537882103899,177.2745093123602]
31.560748320939222,[316.15276913052264,115.11414923541969,589.0214949050904,33.57845269144254,41.146464305278876,19.63737107456575,22.6119317027746,0.5423542308905405,177.27958317619397]
31.56077603247983,[316.15276913052264,115.11414923541969,589.0214949050904,33.57845269144254,41.146464305278876,19.63737107456575,22.61193162049783,0.5423412032465479,177.27746796327847]
31.56078901150021,[316.15276913052264,115.11414923541969,589.0214949050904,33.57845269144254,41.1368731611037,19.6311953108918,22.611931527967016,0.5418446797418608,177.27558219140522]
31.560796751829997,[316.15276913052264,115.11414923541969,589.0214949050904,33.57845269144254,41.146464305278876,19.63737107456575,22.611931527967016,0.5423315589291786,177.27558219140522]
31.560798812741673,[316.1521386236734,116.3705006215138,588.1986295101915,33.57845280355863,40.896856666674054,19.637331194022785,22.611931856575215,0.5423593755693464,177.27838457938907]
31.560803335808142,[316.15296811804825,116.37049405968399,588.1986324077466,33.57845286569357,40.89686283876164,19.63733111271761,22.6119317027746,0.5423572251984551,177.2772478993161]
31.560804128181122,[316.152245161698,116.37049811978957,588.1986323851734,33.578452615618176,40.89685894193283,19.637329740556538,22.611931711268628,0.5423571368761679,177.2788238798761]
31.560804598531373,[316.1527725997505,116.3704942167407,588.1986346865564,33.57845258001309,40.89686375779565,19.63732378054167,22.611931795371845,0.5423567953016224,177.28038429390114]
31.56080474737976,[316.15023570474386,116.37049635766897,588.1986321589948,33.578452585765085,40.89686093464181,19.63733111271761,22.6119317027746,0.5423572251984551,177.2772478993161]
31.56080637400194,[316.1502563836616,116.37049257953363,588.1986324431417,33.57845261195978,40.896858948897076,19.63732782845168,22.611931712609895,0.5423561539920427,177.28201225239607]
31.56080675317346,[316.15311022164326,116.37050112856889,588.1986323833364,33.57845285010527,40.89686227218364,19.63732674173757,22.611931780490032,0.5423557001895101,177.2775813713085]
31.560806864042018,[316.15093161300155,116.37049485239048,588.1986330927698,33.57845230836839,40.896860693790856,19.63732746582128,22.611931782274052,0.5423561090998201,177.2771083181621]
31.560807462535813,[316.1523763132028,116.37048832478416,588.1986344604,33.57845261184347,40.89686173183146,19.63732915963964,22.61193175913386,0.5423552280262356,177.2809545218566]
31.560807463537902,[316.15180378858025,116.3704893177073,588.1986340328551,33.578452710150344,40.8968607566347,19.637331153310317,22.611931703428457,0.5423553385315725,177.27799073332125]
31.560807615049363,[316.1510577596636,116.37048788047409,588.1986340533132,33.578452470791504,40.896859218559385,19.637324624152182,22.611931851071205,0.5423552554433587,177.2858868149637]
31.560807653463478,[316.1521386236734,116.3705006215138,588.1986295101915,33.57845280355863,40.896856666674054,19.637331194022785,22.611931856575215,0.5423552101369276,177.27838457938907]
31.56080799401402,[316.15030943196,116.37048562755645,588.1986324192146,33.57845253185455,40.8968598108827,19.637331822552543,22.611931708530083,0.5423553074870475,177.29034892230322]
31.560808046912175,[316.15195727957934,116.3704858644497,588.1986353575084,33.5784525776554,40.89686437529629,19.637326009032428,22.61193186494401,0.5423549948772584,177.27993036767998]
31.560808059838774,[316.1510605536336,116.37048526011557,588.1986359493987,33.57845241107167,40.89685945395213,19.637332115378438,22.611931689218842,0.5423553719724348,177.27946407478603]
31.560808075580297,[316.15016481967336,116.37048568673875,588.1986326914009,33.57845245062477,40.89685988840321,19.637326334339665,22.61193175427753,0.5423552429394103,177.27703117380113]
31.560808119996402,[316.1528355077524,116.37049643629041,588.1986344286487,33.57845261740231,40.896860053480424,19.63733001387908,22.611931735900228,0.5423552662064377,177.28097035849453]
31.56080816301584,[316.15180736087825,116.370488661881,588.1986329357071,33.57845260152159,40.8968626398014,19.637318826377225,22.61193183612904,0.5423546767544968,177.2788895293758]
31.560808215903066,[316.15000621764904,116.37049698008325,588.198631227247,33.578452678940465,40.89686097816407,19.63733095891431,22.611931650743127,0.5423556010262129,177.27681772784814]
31.560808265252497,[316.1522295205307,116.37048636366615,588.1986353935742,33.578452547495644,40.89686267182047,19.637328763488945,22.611931864844756,0.5423549410457565,177.27993773764155]
31.56080829945975,[316.1524821495473,116.3704937641147,588.1986327302121,33.57845276070724,40.896856174040295,19.63734609137807,22.61193185079766,0.5423551861684001,177.2797022955446]
31.56080842184268,[316.15109064635163,116.37049547453358,588.1986297546349,33.57845283992557,40.896854658279466,19.637337757314956,22.61193179316996,0.542354946151242,177.27935289019715]
31.56080853200982,[316.15202952624196,116.37048733044138,588.1986316581493,33.57845250040443,40.89686224267257,19.63732617890087,22.6119318547667,0.5423546565617543,177.27980545584836]
31.56080868297487,[316.15070642134134,116.37049631812269,588.1986326914009,33.57845245062477,40.89685988840321,19.637326334339665,22.61193175427753,0.5423552429394103,177.27703117380113]
31.560808820076023,[316.1504558476287,116.37049197811027,588.1986338925876,33.578452521204774,40.896855501203476,19.637343706578125,22.61193187161993,0.5423552921815801,177.27698515926346]
31.560808889250875,[316.15093576669165,116.37049813210237,588.1986322259668,33.578452490072856,40.896861274971634,19.637320020816905,22.611931774856757,0.5423549246351892,177.27572431381049]
31.56080897576691,[316.15020442434457,116.37048973906377,588.1986348445158,33.57845201026131,40.896862199561355,19.63731506479895,22.61193185079766,0.5423551861684001,177.2797022955446]
31.560809071412997,[316.1503724248199,116.37049023129983,588.1986337498398,33.57845225706464,40.89686220486906,19.637315425249756,22.61193181003326,0.5423548451739053,177.2754582773407]
31.56080908183979,[316.1526330410586,116.37049267843467,588.1986330658962,33.57845269171147,40.896858992534504,19.637330574388844,22.611931753740706,0.5423544809254409,177.28014417326543]
31.56080917846997,[316.15046332927955,116.3704956635676,588.1986317522442,33.57845249047402,40.89686037035853,19.637329773644765,22.61193180496016,0.542354988734553,177.27759924502413]
31.560809202192427,[316.15457792011176,116.37048589154826,588.19863374648,33.57845245355793,40.896863107540014,19.637331031174988,22.611931739413347,0.5423544282003688,177.27568571944153]
31.560809218250093,[316.15154608725186,116.37049891813544,588.1986330668344,33.578452531509356,40.896858235093454,19.637329705500356,22.611931781736576,0.542355012425237,177.27741371748846]
31.56080927404947,[316.15133610562066,116.37048798977557,588.198633013171,33.578452615267466,40.8968596512784,19.637322287928967,22.611931802172652,0.5423541575202031,177.28848548416917]
31.560809278970122,[316.1504464872742,116.37049923070457,588.198631681275,33.578452522701454,40.89685747980036,19.63733065584106,22.61193181939401,0.5423550029209522,177.27761393715264]
31.560809355445137,[316.15288510576966,116.37048465700084,588.1986363336484,33.578452744403045,40.896860827033485,19.63733191295975,22.611931765040502,0.5423543055361417,177.28113727649892]
31.560809393185238,[316.1510723580337,116.37048590093924,588.1986324489027,33.578452485632326,40.8968579067985,19.63733229866095,22.61193171342069,0.542354511453582,177.29191130798282]
31.560809395802114,[316.15075311618904,116.37049136561845,588.1986309959012,33.57845265753626,40.89686234895483,19.63731560309219,22.611931801770176,0.5423541793417794,177.27373626210385]
31.560809412837642,[316.15049262092964,116.3704982994544,588.1986324818791,33.57845254448305,40.8968561229222,19.637326337798278,22.611931838632344,0.5423547278202407,177.2791382387001]
31.56080943849575,[316.15321339198874,116.3704835575863,588.1986324556814,33.5784524019373,40.8968570881593,19.63733499953057,22.611931715687113,0.5423542322559178,177.29363611446607]
31.560809445625868,[316.1513506241788,116.37049812072702,588.198632481304,33.578452503625634,40.89685826948994,19.63733306485781,22.61193177625978,0.5423548578393651,177.2783927030824]
31.560809499824835,[316.1506419763898,116.37049908924205,588.198631677386,33.578452531747494,40.89685875477646,19.637330186109168,22.611931743097372,0.5423548622266446,177.2778325937713]
31.560809540311165,[316.1535938966605,116.37049195044574,588.1986327530872,33.578452790016854,40.89686298989946,19.637331061392796,22.61193172011354,0.5423543035891352,177.28068720533315]
31.560809577262262,[316.15018232478496,116.37049805489954,588.198634150641,33.578452510577044,40.89685688573415,19.63732962191981,22.611931780857226,0.5423549195548608,177.27969570891727]
31.5608095835694,[316.15066750937524,116.3704864023514,588.1986326446896,33.578452567669416,40.89685793113422,19.637325561478207,22.611931769961743,0.542354234102682,177.28509193111233]
31.56080958383504,[316.15252787983593,116.37049187834786,588.1986353592547,33.57845253706742,40.89686039464988,19.637324307446384,22.611931820765623,0.5423543909429936,177.27996816505058]
31.56080960559868,[316.152141756994,116.37049891270459,588.1986319066868,33.578452576248196,40.89685667688026,19.637325733591787,22.61193178811362,0.5423544183264615,177.2792740364244]
31.56080960571251,[316.1524122181364,116.37048439792184,588.1986338410046,33.57845267941771,40.8968627454168,19.637330305530917,22.611931765955717,0.5423540899540624,177.27910662688305]
31.560809665401443,[316.15354863579404,116.37048639662459,588.1986334093052,33.57845250243224,40.896860895730704,19.63733312023124,22.61193171715177,0.5423542011080458,177.2852662374242]
31.56080968096398,[316.15538527060306,116.37048591323872,588.1986349497879,33.57845252967701,40.896864150909295,19.637323079124318,22.61193179696579,0.5423540010967209,177.28163138492118]
31.560809684771044,[316.15207084686097,116.37050492058252,588.1986291974542,33.57845284693871,40.89685462920786,19.637371069421295,22.611931863244116,0.5423553719724348,177.27946407478603]
31.56080970591914,[316.1501577752242,116.37050003367176,588.1986306399431,33.57845246963775,40.8968560394059,19.637335651920605,22.61193187934497,0.542354979353644,177.27924245495413]
31.56080971182414,[316.14939215552295,116.37048967631506,588.1986323606454,33.57845239262306,40.896855822349394,19.637322023420502,22.611931783527513,0.542354539152232,177.27907950218167]
31.560809730942278,[316.1511020327382,116.37048464788786,588.1986328143498,33.57845246040255,40.89685859262255,19.637323573885485,22.61193173648853,0.5423540679196306,177.27775747031828]
31.560809742592856,[316.1523035734842,116.37048882069513,588.1986354422121,33.578452364060155,40.89685706415738,19.637329913287097,22.611931864720106,0.5423543723526977,177.27994114460645]
31.560809752762175,[316.15077358403124,116.37049392576274,588.1986310007907,33.57845272056009,40.89686238385768,19.637315652056316,22.61193177907997,0.5423541113795112,177.2739710432059]
31.560809755440587,[316.1521318620198,116.37050012843534,588.1986361126179,33.57845229738751,40.89685638848587,19.637328432264432,22.611931873401005,0.5423548519058294,177.28054288949608]
31.560809774010444,[316.15053468791973,116.37048796386851,588.198630903933,33.57845270764541,40.89685500331911,19.637338554780484,22.611931750225303,0.542354325074415,177.27957081821665]
31.560809780883496,[316.15296811804825,116.37049405968399,588.1986324077466,33.57845286569357,40.89686283876164,19.63733111271761,22.6119317027746,0.5423542308905405,177.27958317619397]
31.56080979495083,[316.15101731006365,116.370491147341,588.1986323451002,33.57845257138989,40.89685916393371,19.637320924277013,22.61193178267331,0.54235419177256,177.2800956235192]
31.560809806833436,[316.1496107239617,116.37049008644033,588.1986301772404,33.578451975924,40.896864994971736,19.637314228015427,22.611931935226274,0.5423547084365429,177.271725149265]
31.56080981712947,[316.15124988643936,116.37049113072354,588.1986337399808,33.578452464909816,40.89685688851028,19.63733493161179,22.611931779422576,0.5423545564263044,177.28188819552506]
31.560809825712447,[316.15298097918185,116.37049421794596,588.1986387662366,33.57845246244156,40.89685515900857,19.637324549385863,22.61193183993297,0.5423543326430753,177.282954457429]
31.56080982914188,[316.1523753771386,116.37049365255058,588.198635388065,33.57845269822122,40.89685522285297,19.63734230434286,22.611931852406517,0.5423544921179706,177.28192458676915]
31.560809854551586,[316.15296811804825,116.37049405968399,588.1986324077466,33.57845286569357,40.89686283876164,19.63733111271761,22.6119317027746,0.5423541748214216,177.2835380008971]
31.560809856815915,[316.1513154053778,116.3704835575863,588.1986324556814,33.5784524019373,40.8968570881593,19.63733499953057,22.611931715687113,0.5423542322559178,177.29564063758005]
31.56080985809542,[316.1505261656444,116.37049394440766,588.198631971412,33.578452468516346,40.89686221496776,19.63731717850875,22.61193179849706,0.5423543176508058,177.2773817102355]
31.56080986061086,[316.1520667035156,116.37048512306518,588.1986314328749,33.578452609659294,40.89686384998445,19.637326226776477,22.61193183625768,0.5423538854732891,177.27839342744053]
31.56080986295723,[316.1504952254773,116.37048834120375,588.1986382949898,33.57845235016265,40.89685910383192,19.637322034963272,22.61193191151989,0.5423545307759756,177.27385121304482]
31.560809885990633,[316.15320029657033,116.3704912073734,588.1986349030813,33.57845257172417,40.89685658486103,19.637329282553086,22.611931750151008,0.5423540575341657,177.28008009690515]
31.56080990229651,[316.1516492904727,116.3704992770542,588.1986325201614,33.57845260157969,40.8968596628338,19.637320718326293,22.611931806938138,0.5423542586481666,177.28436804766892]
31.56080993492232,[316.1528473663225,116.37049662580901,588.1986325938225,33.57845266482407,40.896859455314605,19.63732861900579,22.61193178368802,0.5423541259562861,177.2799496474115]
31.560809943048785,[316.15158245344173,116.37048383774386,588.1986343944471,33.57845201067563,40.896863058272416,19.63732110300474,22.611931880082047,0.5423543069947852,177.27257732019473]
31.56080994320972,[316.1505813048004,116.37049148988366,588.1986371387854,33.578452466150615,40.89686053164505,19.637321744008283,22.611931837631236,0.5423544742699904,177.27682195889605]
31.56080999385057,[316.1512691193904,116.37049113747926,588.1986357411147,33.578452366237826,40.896856583276254,19.637325683974748,22.611931851163625,0.5423543774619903,177.28018241776223]
31.560810028946914,[316.15193356876915,116.37049377061285,588.1986364654107,33.578452336076246,40.89685522583221,19.637325137259264,22.61193184342161,0.5423543176508058,177.2773817102355]
31.560810029603925,[316.15306027230895,116.37049807145013,588.198640272866,33.578452487599904,40.89685472407341,19.637321934479832,22.611931806759003,0.5423543390158139,177.28612111833192]
31.560810030340114,[316.1506996950195,116.3704947505368,588.1986331631908,33.578452655207606,40.89685673985089,19.637316040783507,22.611931778399363,0.5423540103026614,177.27536439783762]
31.56081007317379,[316.15276913052264,116.37048648577303,588.1986311592918,33.578452668010165,40.89686408899929,19.637324333571712,22.611931667238487,0.542353730547271,177.2772970572067]
31.56081009292196,[316.15085167097635,116.37048908479969,588.1986356741289,33.57845236624461,40.896858189485116,19.63732641488915,22.61193186209201,0.5423544026189003,177.2804435394885]
31.56081010261494,[316.15193356876915,116.37049377061285,588.1986364654107,33.578452336076246,40.89685522583221,19.637325137259264,22.61193184342161,0.5423542533442388,177.2808091243512]
31.560810124789835,[316.15141364581496,116.37048394061173,588.1986348474444,33.57845215560967,40.89686199424738,19.637325056685956,22.611931808545556,0.5423542854974873,177.27264493167672]
31.5608101550832,[316.15276535687576,116.37048648577303,588.1986311592918,33.578452668010165,40.89686408899929,19.637324333571712,22.611931667238487,0.542353730547271,177.2772970572067]
31.56081020708279,[316.1508656512868,116.37048728330056,588.1986332609065,33.5784526157037,40.89685878122219,19.637332195448245,22.611931801809213,0.5423541228184501,177.29251789520427]
31.56081020790733,[316.1508181427888,116.37048484274712,588.1986332986692,33.57845229185617,40.89686069506949,19.63732223546897,22.611931843332243,0.5423540264207263,177.27831786707563]
31.56081024036039,[316.15224966104324,116.37049305423945,588.1986320122376,33.57845257354215,40.896857352790256,19.63732632652152,22.6119318364404,0.5423539032053242,177.2790613932574]
31.56081024341023,[316.1509676906908,116.37049640148786,588.1986340756827,33.57845259170371,40.89686114709003,19.637323075270956,22.611931885184248,0.5423543601526291,177.28402761967362]
31.56081027069682,[316.15122770016956,116.37048402516082,588.1986333141059,33.578452435595146,40.89686084874974,19.637332441508757,22.61193167307608,0.5423541152903428,177.27970124790113]
.
   39.7944	:   17.1402
  417.5917	:  396.5020
  604.1274	:  560.6257
  611.4816	:  568.1925
  855.6104	:  852.3859
  963.7586	:  889.0609
 1005.1970	:  951.7975
 1280.5920	: 1264.7582
 1359.7412	: 1317.3099
 1429.5404	: 1319.4901
 1441.1490	: 1356.6812
 1743.8179	: 1694.2240
 2976.6431	: 2833.1593
 3041.1556	: 2924.8418
 3065.0242	: 2932.4690

    0.4307
    0.9495
    0.9280
    0.9292
    0.9962
    0.9225
    0.9469
    0.9876
    0.9688
    0.9230
    0.9414
    0.9716
    0.9518
    0.9618
    0.9568
