Generation: 2616 (runtime: 83836 seconds)
23.287102355596915,[330.33882671341985,87.41900229812983,792.6954657861959,516.1467449568305,145.1859273820883,35.79355473504663,49.40833610480091,28.628305032690573,64.60885594416345,45.864309056335124,101.43787481212337,1.9362584413354766,1.5547615240222814,0.00036402995780412603,0.0017240091720180078,100.6824861308354]
23.28716860605392,[330.3487170380771,87.41940283595594,792.7009954370151,516.1450249385911,145.18610191806306,35.79439238656213,49.408359993657314,28.62824383601305,64.60604786379626,45.86415918831531,101.4369859429751,1.9359914600961972,1.5548645633520244,0.00042094295056664666,0.001642544124714278,100.67839473101152]
23.287169773201445,[330.34853009228095,87.45470947767467,792.7220351119126,516.1445709398724,145.18611223136773,35.793923875774176,49.4071540080299,28.644457944410533,64.60588936289734,45.86206988562164,101.43112496273775,1.9428518779243522,1.555074376829064,0.0008036853924393308,0.001752756363971276,100.68953805279786]
23.287196981069446,[330.33051114404566,87.41945584037198,792.689166393314,516.1513925151363,145.18611143459626,35.79367666389313,49.40829572967968,28.629885509117866,64.6093826797262,45.865906170037455,101.4392224328911,1.9386545937032982,1.5546958863763085,0.00036608756279905624,0.0017456518159254314,100.6789634118844]
23.28721307635542,[330.33141635242896,87.41867112274541,792.689161879971,516.1531413780522,145.18588229565194,35.793460028960936,49.40830452855619,28.630050623622772,64.60905833975623,45.86567174962999,101.43960087590185,1.9372796825043141,1.5545500191308823,0.0003193450427275663,0.0017456172902353018,100.68451757996229]
23.287247264265112,[330.3314965231702,87.41867119317754,792.6891617993105,516.1531674921625,145.18590509326714,35.79346626670669,49.40832242986515,28.630052943021717,64.60901080239363,45.865703673657904,101.43960118393987,1.9370005298622992,1.5545672886572228,0.0003193063009455997,0.0017456191742383576,100.68273213098887]
23.287257344372698,[330.3314019148679,87.41922683905125,792.6891643376246,516.1519985248143,145.18585111183597,35.79345926651774,49.40829671991195,28.629919528190648,64.60909489061855,45.86568619927534,101.43925924223022,1.9380650462832443,1.554564799563513,0.00036534381679172065,0.001745617309274677,100.67830133962117]
23.287282791998006,[330.3313412167842,87.41869354606641,792.6891627170382,516.1521633951216,145.18597888724796,35.79353895126972,49.40830552398896,28.630052115579577,64.60856638176485,45.865695478480426,101.43954155372202,1.9372518116006765,1.5545679190519137,0.0003235308613207408,0.0017456262773741598,100.68252342067188]
23.287290439667846,[330.3316977598282,87.41858156663338,792.6891602179564,516.1540142239963,145.1859236168631,35.793512472136825,49.40833328760306,28.630420532114705,64.60819678867513,45.86562152376819,101.43962738109556,1.9370515679897435,1.554540099181334,0.00030414587922194896,0.0017456172327643318,100.68717837722428]
23.287294104361585,[330.3487170380771,87.419402487827,792.6945251247008,516.1449734537588,145.1861029747414,35.79346931146538,49.40836025800812,28.62824034283729,64.60604786379626,45.86464015757272,101.43698356474206,1.9360224830497308,1.554893480858409,0.0003985099265320376,0.00168833187554515,100.67962092454832]
23.287299760427302,[330.3316404361022,87.41857619682389,792.6891602376219,516.15380965302,145.18588277756646,35.793498920605835,49.40831940089497,28.630388846814288,64.60830777347707,45.86566850868151,101.43960638482979,1.9371542304341205,1.554540264768693,0.00031543277244390554,0.0017456172656568447,100.68715639140358]
23.287300395172224,[330.3314856343327,87.41914250782241,792.6891624577634,516.1531317536017,145.18593403827586,35.79348074051022,49.408337295331165,28.63027610968986,64.60861249500618,45.865681118100014,101.43935895042688,1.9379598529496902,1.554544147825331,0.0003444399500742327,0.0017456172627233224,100.66741748073245]
23.287302574442375,[330.33162736693305,87.41910497636614,792.6891611239291,516.15417906045,145.18593749261703,35.793523299366484,49.408339875028496,28.63037697307678,64.60846059615491,45.86567697937722,101.43936879151268,1.9379471293804496,1.5545434410319343,0.00030107981212708704,0.0017456172524123702,100.66913420143973]
23.287303100399868,[330.3308593520666,87.41870584946406,792.6891621956487,516.1531285331941,145.1860198146692,35.793470850816526,49.40831446148742,28.630269422414834,64.60851126167307,45.86568552894383,101.4396503879969,1.9372499167061328,1.5545494269726505,0.00032831044321617573,0.0017456549696152374,100.67210237974962]
23.28730656681406,[330.33049662294377,87.41883080342264,792.6891627982952,516.1530665943078,145.18605459271964,35.7935077913568,49.40834102770367,28.630330242795324,64.60849982142481,45.865715601019915,101.43969918503332,1.9370975051757928,1.5545383232602232,0.000320374501468553,0.0017456420946371448,100.67713795597501]
23.287318042975624,[330.33150659943715,87.41921564058316,792.6891616614364,516.1540545970972,145.18597714156047,35.79354396206479,49.40829831034392,28.63039241054742,64.6081289979736,45.865668270402196,101.43949760523793,1.937459273341712,1.5545418295535698,0.00030321999022827375,0.0017456172326420166,100.67791533604972]
23.28731853919349,[330.3351174319271,87.4154729133715,792.690122015653,516.1542927876935,145.18583326953507,35.793362244640214,49.4085814465999,28.63022109320853,64.60746859237716,45.86551274209072,101.43977970221691,1.936729721744645,1.5544167884570508,0.0003203423990178282,0.0017533051242847992,100.6647704874776]
23.287320414202508,[330.33156822331324,87.4186793157877,792.6891613331593,516.1534854442825,145.1858872808241,35.793493756136314,49.40832505695971,28.630421563866037,64.60789765825973,45.86564927192951,101.43971000567208,1.9371883879071077,1.5545481934454537,0.0003152971397263384,0.0017456172645763704,100.68387018914284]
23.28732056062751,[330.33049662294377,87.41883080342264,792.6891627982952,516.1530665943078,145.18605459271964,35.7935077913568,49.40834102770367,28.630330242795324,64.60849982142481,45.865715601019915,101.43969918503332,1.9370975051757928,1.554520563241061,0.0003341865925579467,0.0017456683572614497,100.67193179158846]
23.287325769802155,[330.33169745320424,87.41867383392383,792.6891614483577,516.1531960146742,145.18591100767344,35.793466892193884,49.40833853853288,28.630249279561184,64.60863494491176,45.86572925778389,101.43960261154896,1.9367718334024422,1.5545679839442563,0.0003183288793741378,0.0017456269857485402,100.67715802728318]
23.287330584130054,[330.33170373033687,87.41862351504574,792.6891604900306,516.1542012625896,145.18594625179873,35.79353228156105,49.40833755299548,28.630341188859667,64.60811215210228,45.86563950335078,101.43961082934464,1.9368870851402646,1.5546630893967732,0.0003095494222486865,0.0017456173773386877,100.67934703996423]
23.28733074014825,[330.3285203702104,87.41893380404703,792.6891591786953,516.1545795127433,145.18606833081694,35.79349675571393,49.40834170377637,28.630491556446934,64.6087100150061,45.86567723276475,101.43987796317421,1.9370228171445762,1.5545361833536389,0.00031241731560994275,0.0017456496781889492,100.67631496210309]
23.287337199817372,[330.3316977598282,87.41858156663338,792.6891602179564,516.1527953146779,145.1861118012262,35.79364465153963,49.408335794794496,28.629992978555762,64.60835778265653,45.865970825789425,101.43958820678637,1.9372164890348293,1.5545565649214688,0.000313765017726447,0.00174562569799894,100.67448732446778]
23.287338755585974,[330.33156822331324,87.4186793157877,792.6891613331593,516.1534854442825,145.1858872808241,35.793493756136314,49.40832505695971,28.630421563866037,64.60789765825973,45.86564927192951,101.43971000567208,1.9371883879071077,1.5545481934454537,0.0003152971397263384,0.0017456172645763704,100.6766229644534]
23.287347187326503,[330.33131546670745,87.41903168522937,792.689161417079,516.1527823870183,145.18596764303754,35.79353626277476,49.40833934978953,28.630085332464922,64.6083631806181,45.86575124987627,101.43942095946255,1.9376945280519307,1.5545452357202445,0.0003176404826618522,0.0017456182073736983,100.67183890925345]
23.287347562416635,[330.3308432971994,87.41882739896693,792.6891655629312,516.1519811956929,145.18599542920452,35.79354006137696,49.40833887168224,28.630063529432935,64.60834697401982,45.86577792823125,101.43953596449184,1.9372393124494038,1.554585026282557,0.00030414587922194896,0.0017456172327643318,100.68717837722428]
23.28735369641726,[330.331657462989,87.41869220246471,792.6891598491302,516.1542927876935,145.186059713796,35.7935184061233,49.408345367577084,28.630454659077948,64.60712395849528,45.86560142961431,101.43977970221691,1.9371325814831968,1.5545382087240773,0.0003004084098498124,0.001745617229622295,100.68000279700588]
23.287357657893544,[330.3308432971994,87.41882739896693,792.6891655629312,516.1519811956929,145.18599542920452,35.79354006137696,49.40833887168224,28.630063529432935,64.60834697401982,45.86577792823125,101.43953596449184,1.9372393124494038,1.554585026282557,0.00033655077445565246,0.0017456285085905583,100.68245277593662]
23.287358205796455,[330.33166403623113,87.41871514685795,792.6891598491302,516.1542927876935,145.18606210832743,35.79353318912253,49.408345367577084,28.630455260571054,64.60712395849528,45.86563761494828,101.43977970221691,1.9371355638894194,1.5545382087240773,0.00030034984068536935,0.001745617229622295,100.68101784135408]
23.287358679448396,[330.36750560641644,87.37005800883168,792.6828763319259,516.13702562578,145.18603396040885,35.79339353567373,49.40836116632577,28.63756957503304,64.6061501341747,45.865931084832766,101.43819318252322,1.9361227709911408,1.55382391043069,0.00022784692529330218,0.0017456533256474868,100.68333731898103]
.
  116.7178	:  112.7273
  425.0038	:  443.7448
  464.1213	:  443.8980
  594.8670	:  567.5449
  597.1766	:  595.8255
  864.0633	:  850.2677
  979.6132	:  950.4911
 1045.6299	: 1007.4492
 1207.7242	: 1089.4784
 1308.1129	: 1262.0937
 1376.3175	: 1336.2389
 1442.3229	: 1382.6897
 1456.7373	: 1384.4323
 1878.1105	: 1784.3647
 3035.5845	: 2900.5880
 3102.6388	: 3001.5660
 3166.4380	: 3001.6113
 3764.1773	: 3602.7688

    0.9658
    1.0441
    0.9564
    0.9541
    0.9977
    0.9840
    0.9703
    0.9635
    0.9021
    0.9648
    0.9709
    0.9587
    0.9504
    0.9501
    0.9555
    0.9674
    0.9479
    0.9571
