Generation 40
106.42,[452.793, 157.128]
109.68,[426.12, 193.157]
111.36,[415.776, 205.087]
113.98,[400.687, 153.261]
120.76,[295.985, 200.0]
123.29,[335.26, 196.351]
123.30,[631.114, 139.998]
125.32,[310.336, 212.162]
127.15,[409.947, 187.022]
127.22,[343.171, 159.842]
127.74,[378.611, 200.0]
127.84,[363.6, 183.66]
127.87,[394.718, 184.511]
128.23,[320.271, 200.0]
128.30,[350.309, 197.353]
129.38,[315.357, 180.02]
129.71,[373.6, 178.925]
130.80,[438.045, 201.804]
131.08,[598.255, 175.959]
131.62,[314.532, 207.852]
131.73,[366.261, 139.32]
132.01,[389.995, 173.468]
132.01,[389.995, 173.468]
132.01,[389.995, 173.468]
132.01,[389.995, 173.468]
132.71,[253.524, 219.641]
133.48,[337.584, 190.53]
134.73,[371.818, 163.897]
135.01,[297.545, 182.232]
135.02,[388.96, 158.022]
135.11,[327.68, 183.306]
135.45,[434.721, 162.608]
135.86,[347.808, 170.625]
136.27,[307.114, 242.52]
136.75,[358.342, 165.051]
139.00,[417.486, 195.91]
147.72,[375.803, 158.995]
148.93,[555.016, 125.29]
152.62,[322.045, 163.277]
153.25,[362.556, 132.942]
153.25,[362.556, 132.942]
153.53,[349.778, 154.842]
155.48,[320.408, 146.717]
157.07,[330.342, 139.377]
163.40,[311.336, 137.84]
164.27,[411.724, 127.318]
166.62,[305.611, 137.065]
167.57,[291.986, 141.93]
168.66,[307.202, 135.806]
169.71,[293.907, 147.015]
170.59,[380.528, 114.979]
172.27,[603.098, 152.737]
173.14,[224.379, 168.887]
173.39,[193.418, 175.182]
178.47,[301.388, 124.236]
178.73,[566.537, 180.689]
181.52,[300.911, 124.012]
182.31,[207.371, 164.457]
183.11,[269.543, 133.599]
185.60,[221.063, 154.976]
192.92,[257.563, 133.645]
194.13,[242.195, 128.006]
195.62,[195.842, 155.584]
196.34,[191.331, 166.38]
196.80,[222.227, 136.542]
201.28,[262.446, 117.523]
209.05,[117.878, 179.279]
219.78,[414.518, 77.308]
227.56,[228.525, 107.932]
243.18,[157.573, 130.696]
247.72,[403.242, 168.219]
247.72,[403.242, 168.219]
249.11,[376.807, 164.333]
254.41,[348.008, 188.714]
255.87,[296.825, 233.503]
256.06,[288.681, 208.894]
256.39,[332.347, 134.609]
257.61,[397.77, 91.75]
258.38,[274.661, 214.222]
260.19,[269.587, 187.835]
260.46,[329.398, 207.135]
260.83,[303.77, 199.76]
261.53,[305.461, 197.856]
261.88,[120.542, 141.625]
262.15,[283.029, 161.147]
262.29,[287.691, 192.807]
262.45,[283.753, 168.422]
262.55,[282.787, 172.292]
262.75,[320.34, 194.784]
263.12,[318.579, 200.0]
263.49,[279.575, 222.201]
263.60,[323.703, 199.396]
264.17,[289.945, 212.162]
264.19,[327.622, 183.319]
264.19,[327.622, 183.319]
264.28,[325.259, 181.121]
264.36,[278.463, 195.212]
264.50,[275.111, 166.626]
264.66,[330.78, 181.227]
265.43,[328.597, 178.309]
265.54,[330.376, 181.061]
265.55,[321.755, 189.119]
265.84,[255.241, 189.872]
265.84,[255.241, 189.872]
266.37,[310.996, 174.101]
266.51,[365.63, 200.0]
266.52,[315.311, 173.871]
266.59,[317.079, 184.15]
266.88,[261.312, 226.774]
267.04,[288.095, 167.247]
267.53,[305.939, 169.574]
267.57,[344.255, 192.131]
267.76,[284.224, 206.999]
267.92,[342.768, 171.434]
267.99,[356.886, 179.015]
268.05,[299.793, 179.712]
268.28,[257.731, 175.673]
268.61,[321.744, 165.687]
268.63,[363.522, 205.373]
268.73,[330.764, 200.0]
268.81,[352.578, 183.575]
269.01,[316.554, 180.96]
269.06,[305.816, 199.699]
269.12,[308.48, 173.607]
269.13,[309.957, 198.559]
269.23,[323.318, 162.625]
269.27,[373.483, 179.814]
269.39,[334.179, 168.016]
269.45,[297.832, 186.932]
269.56,[334.477, 230.705]
269.62,[309.226, 172.278]
269.69,[309.475, 225.317]
269.84,[274.315, 200.0]
269.92,[302.269, 216.013]
269.95,[346.119, 163.532]
270.09,[283.031, 168.204]
270.36,[342.421, 200.0]
270.36,[309.877, 172.281]
270.45,[366.967, 205.524]
270.51,[381.024, 201.525]
270.59,[381.823, 196.418]
270.68,[284.224, 206.999]
270.68,[284.224, 206.999]
270.68,[284.224, 206.999]
270.68,[356.202, 165.005]
270.70,[335.756, 161.251]
270.74,[326.412, 161.72]
271.04,[371.432, 200.0]
271.10,[397.599, 172.588]
271.12,[333.018, 158.126]
271.18,[391.96, 161.635]
271.29,[298.639, 181.773]
271.32,[317.072, 207.18]
271.37,[410.538, 168.193]
271.45,[312.308, 167.619]
271.45,[347.169, 159.299]
271.56,[351.222, 188.938]
271.61,[378.678, 210.484]
271.70,[388.592, 154.218]
271.75,[285.812, 180.96]
271.77,[261.576, 141.992]
271.78,[257.63, 224.562]
271.80,[304.602, 206.962]
271.83,[300.815, 165.051]
271.88,[292.299, 193.206]
271.98,[341.091, 204.753]
272.00,[285.812, 164.898]
272.07,[336.595, 196.5]
272.07,[402.526, 198.591]
272.09,[271.308, 219.009]
272.19,[339.166, 199.276]
272.37,[292.654, 186.375]
272.45,[402.5, 202.032]
272.49,[316.554, 154.976]
272.62,[353.671, 183.786]
272.76,[356.466, 194.505]
273.16,[429.828, 183.691]
273.26,[257.902, 198.875]
273.31,[342.467, 146.964]
273.32,[278.387, 168.654]
273.45,[355.043, 176.349]
273.69,[371.716, 141.851]
273.78,[326.53, 147.137]
273.99,[392.097, 200.002]
274.27,[379.169, 194.1]
274.50,[301.115, 165.113]
274.54,[367.773, 172.791]
274.93,[155.771, 194.983]
275.34,[264.698, 240.272]
275.46,[306.104, 160.789]
275.67,[341.83, 134.431]
275.91,[298.295, 160.258]
275.93,[303.133, 146.135]
276.12,[333.506, 158.167]
276.13,[340.431, 157.654]
276.17,[332.897, 156.681]
276.48,[223.792, 187.742]
276.59,[371.553, 169.27]
276.66,[303.331, 143.618]
276.82,[313.263, 156.044]

  347.5957	:  382.7853
  347.6284	:  382.7853
  515.6975	:  407.2391
  515.7578	:  407.2391
  515.7857	:  407.2391
  754.5377	:  529.7737
 1109.2977	: 1152.4954
 1110.0561	: 1152.4954
 1110.9033	: 1152.4954

    1.1012
    1.1011
    0.7897
    0.7896
    0.7896
    0.7021
    1.0389
    1.0382
    1.0374

set bf4b1 452.79
set bf4a1 157.13
