Generation 3684
49.03,[329.66, 546.08, 173.9, 33.08, 102.72, 49.02, 32.54, 2.78]
49.03,[329.66, 546.08, 173.9, 33.08, 102.72, 49.02, 32.54, 2.78]
49.05,[329.7, 547.03, 174.03, 33.1, 102.68, 48.22, 32.58, 2.79]
49.05,[329.65, 546.46, 174.11, 33.1, 102.41, 49.07, 32.56, 2.78]
49.06,[329.65, 546.2, 174.03, 33.09, 102.57, 49.08, 32.55, 2.78]
49.06,[329.65, 546.46, 174.1, 33.1, 102.39, 49.07, 32.56, 2.78]
49.06,[329.64, 546.86, 175.01, 33.11, 101.63, 49.64, 32.51, 2.78]
49.06,[329.64, 546.57, 174.12, 33.1, 102.35, 49.09, 32.56, 2.78]
49.06,[329.64, 546.62, 174.22, 33.11, 102.29, 49.12, 32.56, 2.78]
49.06,[329.57, 546.98, 174.46, 33.12, 102.27, 49.25, 32.49, 2.78]
49.07,[329.59, 547.05, 175.32, 33.12, 101.45, 49.64, 32.49, 2.78]
49.07,[329.76, 545.2, 174.33, 33.1, 102.61, 48.32, 32.59, 2.79]
49.07,[329.76, 545.24, 174.35, 33.11, 102.58, 48.33, 32.58, 2.79]
49.07,[329.35, 544.8, 174.77, 33.07, 102.13, 48.68, 32.52, 2.79]
49.08,[329.59, 545.73, 176.32, 33.2, 102.16, 48.88, 32.59, 2.79]
49.08,[329.6, 546.88, 174.81, 33.12, 101.84, 48.93, 32.54, 2.79]
49.08,[329.67, 546.0, 174.69, 33.11, 102.19, 48.82, 32.51, 2.79]
49.08,[329.67, 546.09, 174.7, 33.11, 102.16, 48.84, 32.51, 2.79]
49.08,[329.55, 547.07, 175.1, 33.13, 101.66, 49.01, 32.52, 2.78]
49.08,[329.58, 547.28, 175.14, 33.12, 101.15, 49.39, 32.52, 2.78]
49.09,[329.51, 547.25, 175.37, 33.14, 101.49, 49.07, 32.5, 2.78]
49.09,[329.41, 545.43, 175.48, 33.17, 101.42, 49.19, 32.72, 2.79]
49.09,[329.67, 546.07, 174.58, 33.1, 102.12, 48.85, 32.52, 2.79]
49.09,[329.78, 544.78, 174.24, 33.08, 102.24, 48.48, 32.55, 2.79]
49.09,[329.68, 546.32, 173.89, 33.1, 102.02, 49.11, 32.57, 2.78]
49.09,[329.77, 544.8, 174.6, 33.07, 102.27, 48.68, 32.49, 2.79]
49.09,[329.66, 545.93, 173.23, 33.08, 102.8, 49.06, 32.54, 2.78]
49.10,[329.69, 545.53, 173.75, 33.1, 102.87, 48.76, 32.57, 2.79]
49.10,[329.93, 546.56, 174.34, 33.14, 102.2, 50.49, 32.48, 2.78]
49.10,[329.64, 546.17, 173.89, 33.11, 102.42, 49.09, 32.55, 2.79]
49.10,[329.44, 549.19, 173.83, 33.19, 103.31, 49.43, 32.54, 2.78]
49.10,[329.44, 549.25, 173.83, 33.19, 103.32, 49.44, 32.54, 2.78]
49.10,[329.22, 547.55, 174.45, 33.18, 102.49, 49.28, 32.59, 2.78]
49.10,[329.31, 550.48, 175.36, 33.18, 100.56, 49.18, 32.64, 2.79]
49.10,[329.64, 546.19, 173.93, 33.11, 102.32, 49.11, 32.55, 2.79]
49.10,[329.63, 545.53, 174.83, 33.12, 101.9, 48.89, 32.51, 2.79]
49.10,[329.38, 549.58, 175.17, 33.17, 100.78, 49.26, 32.61, 2.79]
49.11,[329.55, 546.54, 173.49, 33.09, 102.64, 49.3, 32.55, 2.79]
49.11,[329.52, 549.91, 173.64, 33.2, 103.17, 49.41, 32.52, 2.78]
49.11,[329.49, 547.75, 175.94, 33.19, 101.51, 49.52, 32.49, 2.79]
49.11,[329.64, 546.09, 173.83, 33.11, 102.42, 49.09, 32.54, 2.79]
49.11,[329.51, 549.93, 173.68, 33.2, 103.13, 49.41, 32.52, 2.78]
49.11,[329.35, 549.99, 175.23, 33.18, 100.62, 49.31, 32.63, 2.79]
49.11,[329.73, 545.5, 175.44, 33.1, 101.2, 48.78, 32.52, 2.79]
49.11,[329.33, 549.87, 175.42, 33.18, 100.58, 49.34, 32.6, 2.79]
49.11,[329.49, 546.86, 174.57, 33.09, 101.39, 48.93, 32.57, 2.79]
49.12,[329.52, 546.24, 174.45, 33.07, 101.55, 48.86, 32.56, 2.79]
49.12,[329.31, 551.15, 174.4, 33.2, 101.82, 49.09, 32.64, 2.79]
49.12,[329.27, 548.23, 176.85, 33.19, 100.57, 49.45, 32.4, 2.78]
49.12,[329.51, 547.55, 175.01, 33.15, 101.7, 49.64, 32.47, 2.78]
49.12,[329.65, 545.95, 173.79, 33.1, 102.74, 49.06, 32.56, 2.79]
49.12,[329.51, 547.63, 175.29, 33.15, 101.39, 49.48, 32.5, 2.79]
49.12,[329.59, 549.6, 173.87, 33.11, 100.96, 48.83, 32.7, 2.79]
49.12,[329.32, 550.17, 175.17, 33.18, 100.55, 49.34, 32.63, 2.79]
49.12,[329.13, 546.69, 175.02, 33.15, 101.77, 49.6, 32.52, 2.79]
49.12,[329.77, 545.77, 176.52, 33.24, 102.08, 49.19, 32.52, 2.79]
49.12,[329.53, 547.72, 175.77, 33.17, 100.86, 49.18, 32.56, 2.79]
49.12,[329.55, 545.94, 175.1, 33.11, 101.66, 49.06, 32.52, 2.79]
49.12,[329.77, 548.72, 174.6, 33.2, 102.27, 49.57, 32.49, 2.78]
49.12,[329.52, 547.76, 175.79, 33.17, 100.84, 49.19, 32.56, 2.79]
49.12,[329.52, 547.76, 175.79, 33.17, 100.84, 49.19, 32.56, 2.79]
49.12,[329.37, 549.97, 174.54, 33.19, 101.67, 49.39, 32.6, 2.78]
49.12,[329.36, 550.02, 174.59, 33.19, 101.59, 49.39, 32.6, 2.78]
49.12,[329.36, 550.04, 174.61, 33.19, 101.55, 49.39, 32.6, 2.79]
49.12,[329.36, 550.01, 174.61, 33.19, 101.55, 49.4, 32.6, 2.79]
49.12,[329.23, 548.4, 177.11, 33.2, 100.4, 49.52, 32.38, 2.78]
49.13,[329.64, 545.94, 173.78, 33.11, 102.75, 49.06, 32.57, 2.79]
49.13,[329.53, 547.83, 176.07, 33.17, 100.53, 49.03, 32.59, 2.79]
49.13,[329.65, 545.88, 173.78, 33.11, 102.74, 49.06, 32.57, 2.79]
49.13,[329.28, 550.79, 175.28, 33.19, 100.39, 49.42, 32.65, 2.79]
49.13,[329.7, 546.0, 176.21, 33.24, 102.11, 49.24, 32.53, 2.79]
49.13,[329.6, 546.46, 174.52, 33.12, 101.23, 49.42, 32.54, 2.78]
49.13,[329.46, 549.11, 173.77, 33.19, 102.99, 49.36, 32.55, 2.78]
49.13,[329.27, 550.87, 175.35, 33.19, 100.27, 49.42, 32.65, 2.79]
49.13,[328.92, 548.35, 175.43, 33.22, 101.27, 49.23, 32.71, 2.79]
49.13,[329.67, 546.08, 174.19, 33.08, 102.53, 49.02, 32.37, 2.78]
49.13,[329.51, 547.66, 175.29, 33.11, 101.46, 49.49, 32.37, 2.78]
49.13,[329.2, 548.72, 177.23, 33.2, 100.25, 49.57, 32.39, 2.78]
49.13,[329.55, 547.56, 176.56, 33.17, 100.01, 48.96, 32.6, 2.79]
49.13,[329.5, 547.63, 175.42, 33.11, 101.33, 49.85, 32.37, 2.78]
49.13,[329.44, 549.39, 173.29, 33.19, 103.51, 49.43, 32.54, 2.78]
49.13,[329.56, 546.91, 175.16, 33.16, 101.19, 49.26, 32.53, 2.79]
49.13,[329.6, 546.46, 174.55, 33.12, 101.14, 49.45, 32.53, 2.78]
49.13,[329.18, 548.6, 177.41, 33.21, 100.22, 49.59, 32.36, 2.78]
49.13,[329.33, 549.59, 174.83, 33.19, 101.28, 49.44, 32.56, 2.78]
49.14,[329.22, 546.62, 174.38, 33.12, 102.03, 49.46, 32.52, 2.79]
49.14,[329.22, 546.53, 174.42, 33.12, 102.0, 49.46, 32.53, 2.79]
49.14,[328.85, 548.29, 174.94, 33.23, 101.54, 49.13, 32.8, 2.8]
49.14,[329.14, 549.34, 178.85, 33.22, 99.96, 49.65, 32.2, 2.77]
49.14,[329.4, 548.67, 175.52, 33.2, 101.42, 49.69, 32.4, 2.77]
49.14,[329.47, 548.49, 174.16, 33.18, 102.4, 49.61, 32.53, 2.78]
49.14,[329.24, 551.28, 175.41, 33.2, 100.11, 49.47, 32.66, 2.79]
49.14,[329.34, 544.64, 175.19, 33.13, 101.44, 49.44, 32.73, 2.8]
49.14,[329.64, 547.7, 174.96, 33.1, 99.71, 49.87, 32.53, 2.78]
49.14,[329.41, 548.28, 175.63, 33.19, 101.58, 49.68, 32.33, 2.77]
49.14,[329.26, 548.91, 178.2, 33.21, 99.88, 49.7, 32.26, 2.77]
49.14,[329.17, 543.04, 175.25, 33.12, 101.23, 49.63, 32.82, 2.81]
49.14,[329.4, 548.65, 175.51, 33.2, 101.42, 49.68, 32.4, 2.77]
49.14,[329.55, 547.22, 175.15, 33.13, 101.5, 49.56, 32.44, 2.79]
49.14,[329.81, 550.58, 175.52, 33.16, 101.2, 48.29, 32.52, 2.79]
49.14,[329.24, 543.76, 175.3, 33.13, 101.3, 49.34, 32.76, 2.81]
49.14,[329.42, 548.19, 175.44, 33.11, 101.13, 49.08, 32.41, 2.79]
49.14,[329.57, 547.47, 177.49, 33.24, 100.31, 49.23, 32.58, 2.8]
49.14,[329.25, 548.67, 177.91, 33.2, 99.95, 49.69, 32.28, 2.77]
49.14,[329.15, 544.09, 175.31, 33.12, 101.27, 49.36, 32.76, 2.81]
49.14,[329.52, 547.79, 174.72, 33.15, 101.73, 49.22, 32.6, 2.8]
49.15,[329.53, 547.42, 175.23, 33.12, 101.11, 49.56, 32.4, 2.78]
49.15,[329.15, 544.09, 175.32, 33.13, 101.29, 49.36, 32.76, 2.81]
49.15,[329.73, 550.14, 175.44, 33.16, 101.2, 48.43, 32.52, 2.79]
49.15,[329.52, 547.03, 174.82, 33.19, 101.0, 49.17, 32.67, 2.79]
49.15,[329.54, 545.42, 178.51, 33.31, 101.65, 48.76, 32.64, 2.8]
49.15,[329.59, 545.54, 174.9, 33.09, 101.12, 48.99, 32.61, 2.8]
49.15,[329.72, 550.1, 175.45, 33.16, 101.16, 48.47, 32.52, 2.79]
49.15,[329.57, 545.78, 174.43, 33.09, 101.1, 48.76, 32.68, 2.8]
49.15,[329.34, 548.14, 175.56, 33.22, 101.07, 49.05, 32.8, 2.8]
49.15,[329.88, 545.5, 173.57, 33.1, 102.33, 48.78, 32.57, 2.79]
49.15,[329.64, 546.34, 173.56, 33.1, 102.13, 49.13, 32.56, 2.79]
49.15,[329.64, 545.76, 173.57, 33.11, 102.48, 49.14, 32.53, 2.79]
49.15,[329.63, 545.8, 173.62, 33.11, 102.45, 49.11, 32.53, 2.79]
49.15,[329.52, 547.02, 175.04, 33.13, 100.72, 50.1, 32.5, 2.78]
49.15,[329.52, 547.17, 174.31, 33.15, 101.21, 50.89, 32.47, 2.77]
49.15,[329.31, 549.54, 174.71, 33.18, 100.73, 49.31, 32.62, 2.79]
49.15,[329.39, 550.14, 175.1, 33.23, 100.82, 49.73, 32.66, 2.79]
49.15,[329.42, 548.91, 175.38, 33.21, 101.22, 49.6, 32.47, 2.78]
49.15,[329.58, 544.17, 175.2, 33.08, 101.15, 49.44, 32.51, 2.79]
49.15,[329.17, 549.46, 175.06, 33.2, 101.43, 49.31, 32.52, 2.78]
49.15,[329.16, 544.12, 175.37, 33.14, 101.36, 49.4, 32.75, 2.81]
49.15,[329.68, 546.21, 174.04, 33.09, 101.88, 48.97, 32.55, 2.79]
49.15,[329.27, 551.24, 174.53, 33.22, 101.52, 49.57, 32.62, 2.78]
49.15,[329.63, 546.48, 173.69, 33.1, 102.05, 49.13, 32.58, 2.79]
49.15,[329.17, 544.12, 175.38, 33.14, 101.38, 49.4, 32.74, 2.81]
49.15,[329.57, 549.55, 173.4, 33.06, 100.9, 49.26, 32.51, 2.79]
49.15,[329.62, 546.55, 174.61, 33.11, 100.92, 49.4, 32.54, 2.79]
49.15,[329.15, 544.01, 175.39, 33.14, 101.37, 49.38, 32.73, 2.81]
49.16,[329.35, 546.08, 175.11, 33.08, 99.9, 49.02, 32.48, 2.78]
49.16,[329.16, 544.03, 175.41, 33.14, 101.35, 49.4, 32.75, 2.81]
49.16,[329.16, 544.03, 175.41, 33.14, 101.35, 49.4, 32.75, 2.81]
49.16,[329.16, 544.03, 175.41, 33.14, 101.35, 49.4, 32.75, 2.81]
49.16,[329.65, 546.37, 173.59, 33.09, 101.46, 49.33, 32.6, 2.79]
49.16,[329.39, 549.31, 174.73, 33.19, 100.88, 49.54, 32.67, 2.79]
49.16,[329.49, 547.6, 174.69, 33.17, 101.57, 49.96, 32.5, 2.78]
49.16,[329.71, 545.39, 174.33, 33.14, 101.8, 49.67, 32.5, 2.78]
49.16,[329.58, 546.88, 172.65, 32.99, 100.95, 49.45, 32.51, 2.78]
49.16,[329.21, 548.86, 178.22, 33.21, 99.77, 49.69, 32.25, 2.77]
49.16,[329.31, 547.87, 176.84, 33.19, 100.67, 49.64, 32.34, 2.78]
49.16,[329.65, 546.37, 173.58, 33.09, 101.44, 49.34, 32.6, 2.79]
49.16,[329.55, 547.7, 178.15, 33.27, 99.93, 49.26, 32.59, 2.8]
49.16,[329.64, 546.51, 173.47, 33.09, 101.86, 49.16, 32.55, 2.79]
49.16,[329.4, 549.38, 174.73, 33.2, 101.05, 49.49, 32.65, 2.79]
49.16,[329.62, 546.58, 174.66, 33.12, 100.82, 49.42, 32.54, 2.79]
49.16,[329.41, 546.75, 175.02, 33.13, 100.51, 49.67, 32.51, 2.78]
49.16,[329.72, 544.68, 175.13, 33.12, 100.91, 49.94, 32.51, 2.79]
49.16,[329.27, 548.41, 177.92, 33.22, 100.13, 49.75, 32.29, 2.78]
49.16,[329.42, 549.44, 174.72, 33.21, 101.19, 49.45, 32.63, 2.79]
49.16,[329.21, 548.44, 178.89, 33.21, 99.83, 49.89, 32.16, 2.77]
49.16,[329.39, 550.53, 174.99, 33.24, 100.66, 49.74, 32.73, 2.79]
49.16,[329.54, 550.02, 175.92, 33.19, 100.75, 49.39, 32.45, 2.78]
49.16,[329.28, 548.01, 180.09, 33.2, 99.94, 49.86, 32.01, 2.77]
49.16,[329.81, 545.25, 174.59, 33.17, 102.25, 50.54, 32.49, 2.78]
49.16,[329.28, 544.84, 175.23, 33.17, 101.39, 49.39, 32.76, 2.8]
49.16,[329.63, 546.5, 174.68, 33.12, 101.64, 48.01, 32.61, 2.8]
49.16,[329.21, 544.36, 175.22, 33.13, 101.33, 49.36, 32.74, 2.81]
49.16,[329.44, 548.95, 174.53, 33.14, 101.32, 50.54, 32.52, 2.79]
49.16,[329.73, 547.31, 175.5, 33.15, 101.45, 48.04, 32.68, 2.81]
49.16,[329.37, 543.59, 174.16, 33.11, 101.89, 49.31, 32.89, 2.81]
49.16,[329.45, 547.01, 175.44, 33.21, 101.44, 49.53, 32.83, 2.81]
49.17,[329.44, 549.52, 174.71, 33.22, 101.36, 49.4, 32.61, 2.79]
49.17,[329.44, 549.08, 175.17, 33.23, 100.9, 49.44, 32.57, 2.78]
49.17,[330.21, 549.25, 173.85, 33.17, 101.02, 49.31, 32.78, 2.8]
49.17,[329.13, 549.21, 179.44, 33.24, 99.07, 50.66, 32.22, 2.77]
49.17,[329.4, 546.66, 174.41, 33.11, 101.88, 49.39, 32.48, 2.79]
49.17,[329.11, 549.79, 177.01, 33.15, 99.4, 49.6, 32.38, 2.78]
49.17,[329.12, 549.25, 179.54, 33.24, 99.01, 50.69, 32.22, 2.77]
49.17,[329.41, 548.43, 175.78, 33.11, 100.91, 50.36, 32.3, 2.78]
49.17,[329.44, 547.1, 176.62, 33.22, 100.59, 49.82, 32.5, 2.79]
49.17,[329.47, 549.31, 175.16, 33.23, 100.99, 49.48, 32.56, 2.78]
49.17,[329.51, 546.98, 175.07, 33.17, 100.98, 50.21, 32.49, 2.78]
49.17,[329.6, 549.11, 174.52, 33.19, 101.23, 49.36, 32.54, 2.78]
49.17,[329.38, 547.14, 174.69, 33.24, 102.3, 49.48, 32.59, 2.79]
49.17,[329.45, 549.66, 175.46, 33.22, 100.88, 49.49, 32.6, 2.79]
49.17,[329.22, 546.65, 174.41, 33.19, 101.93, 49.2, 32.55, 2.78]
49.17,[329.24, 545.54, 173.27, 33.04, 101.15, 49.38, 32.52, 2.78]
49.17,[329.44, 549.23, 175.2, 33.23, 100.96, 49.49, 32.56, 2.78]
49.17,[329.47, 549.26, 174.75, 33.23, 101.29, 49.39, 32.62, 2.79]
49.18,[329.46, 549.4, 175.18, 33.23, 100.95, 49.5, 32.56, 2.78]
49.18,[329.79, 544.48, 174.15, 33.13, 102.02, 49.75, 32.47, 2.78]
49.18,[329.68, 546.37, 173.66, 33.15, 102.47, 48.57, 32.55, 2.79]
49.18,[329.43, 549.18, 174.8, 33.21, 100.9, 49.49, 32.66, 2.79]
49.18,[329.67, 546.44, 173.63, 33.08, 100.07, 49.74, 32.68, 2.79]
49.18,[329.46, 549.37, 174.77, 33.23, 101.25, 49.4, 32.62, 2.79]
49.18,[329.48, 550.51, 173.79, 33.2, 102.08, 49.63, 32.44, 2.77]
49.18,[329.02, 549.44, 178.59, 33.25, 99.4, 49.77, 32.3, 2.78]
49.18,[329.35, 546.25, 174.77, 33.17, 102.13, 49.63, 32.52, 2.79]
49.18,[329.82, 548.19, 174.36, 33.12, 101.01, 49.03, 32.6, 2.8]
49.18,[329.52, 544.82, 180.43, 33.41, 101.89, 48.57, 32.67, 2.81]
49.18,[329.13, 545.63, 178.88, 33.22, 100.47, 49.46, 32.21, 2.78]
49.18,[329.45, 546.16, 172.95, 33.06, 102.56, 49.13, 32.55, 2.8]
49.18,[329.62, 547.25, 172.41, 33.01, 100.99, 49.29, 32.54, 2.78]
49.18,[329.61, 547.17, 172.9, 33.03, 100.96, 49.32, 32.53, 2.79]
49.18,[329.6, 547.15, 172.89, 33.03, 100.95, 49.32, 32.53, 2.79]

   38.0450	:  128.9686
  399.6349	:  405.1384
  578.1419	:  513.8680
  585.1890	:  642.5294
  818.8200	:  751.3704
  922.3173	:  889.2657
  961.9706	:  912.6202
 1225.5175	: 1279.1833
 1301.2734	: 1353.7066
 1368.0746	: 1357.6324
 1379.1687	: 1395.9205
 1668.8343	: 1651.6866
 2848.6564	: 2825.0651
 2910.3768	: 2926.7139
 2933.2753	: 2934.5855

    3.3899
    1.0138
    0.8888
    1.0980
    0.9176
    0.9642
    0.9487
    1.0438
    1.0403
    0.9924
    1.0121
    0.9897
    0.9917
    1.0056
    1.0004

set oacb1 329.66
set oacb2 546.08
set oacb3 173.90
set oaca1 33.08
set oaca2 102.72
set oaca3 49.02
set oaca4 32.54
set oacd1 2.78
