Generation 68
205.66,[769.752, 823.016, 613.328, 603.151, 765.519, 657.868, 1079.946, 662.202, 856.669, 814.959, 185.872, 64.681, 111.065, 69.977, 83.653, 106.863, 129.098, 96.6, 71.838, 129.215, 126.796, 69.129, 127.495, 152.141, 55.323, 133.311, 153.789, 86.819, 12.048, 22.929, 10.117, 4.378, 36.487, 26.109, 15.246, 24.518, 16.869, 32.436, 3.264, 3.909, 2.227, 3.26, 4.903]
221.84,[770.337, 822.681, 609.311, 611.805, 761.137, 655.314, 1084.564, 663.002, 867.664, 813.046, 186.927, 65.643, 111.306, 71.157, 87.053, 107.121, 128.806, 92.332, 71.517, 124.896, 127.788, 68.841, 126.841, 152.871, 55.709, 133.825, 154.217, 86.671, 12.342, 23.249, 10.094, 5.044, 36.334, 26.671, 15.187, 24.559, 17.643, 32.159, 3.227, 3.918, 2.28, 3.307, 4.838]
225.54,[795.664, 795.29, 525.968, 655.338, 558.992, 715.387, 835.463, 718.167, 841.663, 800.441, 179.392, 75.302, 113.116, 67.449, 165.809, 110.846, 119.592, 71.431, 55.965, 102.094, 138.912, 113.32, 154.909, 139.693, 95.475, 132.283, 152.856, 72.12, 22.255, 23.249, 2.49, 5.698, 30.42, 22.056, 24.47, 21.09, 18.241, 19.647, 4.77, 2.199, 3.085, 1.468, 3.483]
227.97,[779.545, 883.839, 527.825, 571.579, 619.645, 489.058, 988.235, 841.906, 795.472, 848.174, 174.182, 63.608, 68.716, 108.797, 148.344, 112.129, 167.815, 97.369, 56.483, 77.524, 127.451, 108.634, 105.469, 130.796, 86.85, 151.474, 144.928, 82.387, 15.812, 21.354, 6.509, 14.423, 33.354, 35.829, 26.461, 31.926, 22.026, 27.321, 2.49, 3.735, 1.809, 3.245, 0.912]
229.64,[718.937, 829.449, 518.251, 555.45, 633.714, 569.897, 763.571, 838.649, 1200.727, 877.144, 192.318, 61.865, 100.711, 91.06, 155.815, 114.548, 147.509, 49.165, 61.57, 80.974, 116.509, 31.586, 106.446, 157.855, 57.678, 149.488, 160.99, 83.075, 8.995, 22.456, 10.484, 6.436, 19.186, 38.001, 25.677, 30.19, 29.767, 18.112, 1.612, 2.335, 1.198, 2.467, 0.916]
233.74,[784.391, 927.33, 556.396, 640.58, 656.704, 487.944, 897.147, 876.768, 841.966, 884.499, 179.754, 77.85, 68.278, 105.571, 141.917, 154.126, 162.585, 76.691, 58.162, 60.595, 124.395, 118.233, 104.71, 122.299, 104.558, 150.403, 130.962, 86.413, 16.971, 23.126, 6.008, 14.08, 31.199, 29.69, 25.828, 34.851, 16.383, 16.721, 2.848, 4.552, 2.395, 2.916, 1.892]
236.16,[860.521, 733.019, 588.987, 808.302, 611.705, 607.337, 883.074, 688.242, 938.448, 873.128, 140.425, 73.482, 83.939, 110.444, 150.367, 123.764, 136.299, 79.855, 68.901, 100.0, 129.518, 73.016, 129.016, 157.208, 67.393, 141.333, 152.986, 84.054, 9.293, 23.229, 17.405, 6.264, 33.61, 25.516, 21.258, 31.659, 17.29, 22.843, 3.024, 2.181, 1.809, 3.098, 1.342]
238.30,[777.234, 789.729, 514.278, 756.435, 634.662, 533.999, 965.15, 810.068, 994.429, 880.967, 167.663, 82.442, 120.648, 80.034, 164.593, 111.21, 105.025, 62.519, 64.002, 101.64, 143.48, 86.326, 105.924, 146.584, 91.578, 147.837, 148.634, 85.524, 15.534, 24.77, 17.566, 7.839, 41.101, 32.637, 26.865, 25.383, 23.6, 30.961, 2.215, 2.507, 3.477, 1.494, 3.282]
240.80,[816.308, 893.191, 515.622, 653.738, 590.814, 530.253, 975.481, 873.042, 859.304, 867.456, 174.707, 67.362, 77.263, 106.092, 153.879, 84.015, 158.879, 88.311, 52.466, 76.56, 129.372, 129.83, 104.215, 153.567, 76.928, 148.59, 155.112, 86.097, 16.351, 20.703, 6.678, 15.016, 33.571, 33.134, 28.044, 30.979, 14.254, 17.884, 2.907, 4.238, 2.257, 2.935, 1.31]
242.34,[776.116, 958.37, 493.624, 447.089, 636.998, 441.142, 915.943, 885.884, 772.102, 896.937, 171.537, 91.818, 61.181, 94.152, 129.245, 129.824, 178.615, 95.827, 84.081, 31.175, 133.685, 129.453, 101.441, 156.539, 39.775, 162.374, 166.329, 81.035, 21.894, 28.305, 6.363, 19.683, 28.055, 38.155, 25.038, 35.765, 21.951, 29.864, 3.277, 3.502, 1.303, 3.034, 1.503]
243.60,[877.442, 831.048, 506.078, 237.743, 532.947, 328.777, 991.27, 727.407, 867.199, 829.129, 162.57, 73.751, 72.527, 113.768, 180.209, 115.293, 147.813, 68.354, 35.321, 84.338, 107.836, 84.211, 144.201, 199.38, 55.581, 134.027, 151.307, 85.916, 20.926, 20.98, 9.213, 12.564, 29.839, 25.428, 24.454, 33.641, 35.044, 28.643, 3.12, 2.863, 1.959, 2.592, 2.885]
246.20,[770.347, 886.857, 525.922, 649.202, 590.78, 489.554, 1007.665, 862.601, 831.625, 874.184, 179.475, 67.07, 80.925, 107.888, 141.613, 98.618, 164.674, 88.399, 55.031, 72.209, 123.39, 113.484, 111.905, 126.119, 77.546, 137.709, 150.171, 84.727, 16.105, 21.142, 4.644, 8.406, 34.793, 30.828, 24.948, 33.387, 24.346, 14.641, 3.141, 4.14, 1.463, 3.021, 1.907]
248.75,[849.453, 564.077, 857.085, 756.26, 636.752, 790.986, 971.653, 504.7, 922.34, 820.245, 137.059, 71.157, 61.979, 103.952, 131.298, 130.043, 98.013, 118.857, 77.102, 126.858, 178.293, 110.828, 122.224, 110.095, 54.962, 152.916, 151.09, 97.076, 0.0, 21.046, 19.063, 14.595, 31.533, 27.469, 14.307, 27.551, 19.396, 17.137, 3.578, 1.501, 1.945, 3.911, 0.178]
249.85,[764.834, 884.324, 542.481, 647.787, 590.49, 459.759, 936.023, 871.281, 836.756, 892.461, 176.966, 69.229, 52.19, 106.874, 122.322, 149.679, 167.463, 79.996, 54.246, 60.109, 123.154, 128.466, 100.319, 132.779, 98.474, 140.242, 135.521, 84.264, 18.553, 21.889, 5.118, 14.71, 33.769, 30.129, 25.72, 33.519, 15.528, 16.459, 3.039, 4.334, 2.211, 2.992, 1.748]
250.03,[838.967, 915.759, 518.164, 667.466, 555.426, 598.975, 953.063, 861.609, 846.045, 857.751, 180.571, 64.507, 111.956, 108.595, 128.671, 148.617, 143.251, 75.267, 45.499, 72.834, 125.358, 127.108, 100.356, 115.759, 98.958, 157.937, 116.407, 89.395, 17.924, 24.777, 2.84, 12.11, 34.807, 30.55, 31.255, 34.555, 15.381, 11.833, 2.945, 4.391, 2.38, 3.139, 3.016]
250.69,[781.815, 925.417, 516.418, 753.378, 603.522, 510.907, 1000.0, 873.36, 1000.0, 726.633, 200.0, 74.861, 66.49, 96.827, 131.975, 111.969, 143.114, 43.611, 58.033, 68.59, 150.48, 87.188, 123.932, 123.449, 57.505, 148.447, 148.925, 78.474, 17.947, 24.055, 5.356, 14.847, 34.905, 32.011, 22.052, 23.17, 32.712, 25.76, 2.834, 4.158, 2.145, 3.527, 2.673]
250.91,[758.009, 882.309, 515.153, 561.218, 634.46, 518.631, 969.636, 915.608, 834.268, 889.629, 168.354, 66.854, 72.679, 95.989, 133.244, 107.869, 168.878, 114.346, 47.63, 85.493, 123.211, 106.92, 107.864, 105.167, 90.125, 159.158, 130.726, 75.644, 13.131, 18.093, 8.799, 12.004, 32.741, 38.114, 23.849, 30.186, 23.612, 27.726, 2.524, 3.764, 1.306, 3.303, 1.054]
251.13,[897.739, 873.511, 604.982, 676.116, 560.247, 530.488, 930.721, 845.301, 869.843, 822.484, 78.029, 64.538, 93.984, 91.919, 157.057, 147.149, 169.771, 74.168, 101.375, 72.688, 130.876, 121.171, 81.568, 128.642, 55.552, 150.114, 153.03, 67.965, 19.641, 23.892, 26.68, 14.007, 35.9, 30.53, 25.845, 32.774, 30.949, 20.323, 3.044, 4.334, 2.14, 2.888, 1.514]
252.19,[779.172, 925.258, 500.084, 677.877, 641.99, 515.206, 1021.32, 832.381, 917.324, 863.906, 171.046, 74.77, 91.896, 100.119, 149.55, 117.975, 146.437, 104.431, 67.398, 118.055, 144.389, 119.769, 101.788, 138.108, 109.04, 153.739, 156.563, 81.283, 16.218, 21.105, 4.783, 14.551, 35.138, 27.38, 24.191, 30.77, 22.695, 28.548, 2.026, 3.465, 3.753, 3.062, 1.8]
253.56,[808.535, 858.422, 389.37, 462.413, 643.442, 609.839, 997.674, 846.73, 804.533, 889.111, 155.079, 106.958, 61.696, 132.839, 136.39, 80.794, 155.81, 97.258, 29.307, 52.062, 140.69, 103.315, 107.968, 139.192, 85.67, 150.036, 182.438, 83.088, 17.027, 21.58, 5.366, 8.222, 31.737, 35.633, 22.34, 35.426, 33.786, 19.512, 2.534, 3.756, 1.929, 3.029, 1.038]
253.72,[860.512, 831.612, 513.046, 566.9, 667.221, 569.266, 818.519, 804.056, 986.609, 847.91, 172.49, 67.314, 76.2, 91.63, 143.688, 113.192, 148.082, 81.705, 62.653, 85.497, 113.872, 41.891, 101.81, 129.949, 66.31, 145.716, 162.414, 80.361, 8.71, 22.126, 10.89, 6.345, 32.503, 38.058, 13.662, 29.404, 15.519, 22.106, 2.503, 3.189, 1.16, 2.479, 0.606]
254.86,[826.416, 835.486, 553.904, 878.497, 624.042, 498.301, 981.959, 766.966, 922.176, 871.592, 176.072, 72.036, 74.26, 86.225, 102.225, 110.57, 168.959, 77.796, 34.673, 104.105, 130.49, 113.574, 109.18, 135.992, 68.771, 145.253, 160.718, 79.605, 24.371, 22.466, 6.586, 7.823, 30.284, 28.112, 23.335, 38.234, 17.548, 25.513, 2.512, 2.811, 1.619, 2.487, 2.452]
255.30,[796.933, 857.919, 487.267, 646.43, 576.225, 543.037, 1000.0, 855.984, 895.296, 847.085, 173.575, 70.256, 76.063, 103.764, 148.643, 102.835, 156.8, 85.268, 61.075, 76.851, 133.594, 99.804, 109.132, 152.945, 76.121, 151.14, 156.607, 89.136, 16.846, 20.562, 9.103, 8.591, 35.909, 34.354, 27.913, 29.525, 24.289, 26.973, 2.524, 3.329, 1.524, 2.964, 1.437]
256.14,[836.518, 867.946, 553.919, 824.253, 597.946, 472.01, 933.278, 787.606, 941.525, 882.584, 163.006, 72.6, 71.65, 106.739, 163.646, 120.377, 157.124, 60.893, 46.212, 84.021, 116.966, 70.102, 117.218, 165.298, 64.789, 137.763, 151.226, 85.051, 6.875, 21.792, 7.369, 3.053, 30.325, 24.922, 17.781, 34.929, 16.654, 28.349, 2.565, 2.818, 1.19, 2.169, 0.428]
256.39,[761.826, 960.09, 520.17, 696.913, 661.702, 440.249, 853.582, 954.26, 1031.338, 899.895, 166.37, 83.151, 101.84, 122.898, 80.879, 183.794, 171.851, 90.749, 42.038, 94.6, 162.225, 127.122, 86.409, 124.281, 98.074, 136.174, 168.074, 111.528, 20.447, 19.727, 0.37, 7.695, 27.646, 32.033, 42.271, 31.109, 38.617, 12.983, 1.641, 3.158, 0.73, 3.647, 1.388]
256.52,[770.499, 888.818, 517.659, 665.8, 599.115, 482.96, 959.374, 867.963, 851.391, 868.844, 174.344, 63.921, 60.145, 106.67, 133.573, 146.941, 165.962, 77.308, 52.859, 65.166, 126.956, 123.855, 105.036, 128.863, 96.47, 147.342, 139.068, 85.522, 16.177, 20.772, 6.589, 13.946, 33.718, 30.518, 26.12, 33.372, 15.896, 18.531, 2.861, 4.129, 2.19, 2.939, 1.886]
256.53,[839.494, 890.85, 500.165, 689.472, 584.493, 540.141, 975.47, 873.362, 832.577, 846.499, 185.44, 68.989, 71.657, 110.355, 101.378, 112.952, 158.66, 91.566, 62.718, 73.494, 128.732, 84.476, 111.678, 150.649, 75.201, 164.427, 134.857, 84.39, 13.552, 20.8, 14.742, 15.728, 34.103, 33.084, 22.937, 29.961, 18.657, 26.977, 2.338, 3.51, 1.446, 3.301, 1.417]
257.31,[738.06, 881.509, 352.583, 524.089, 518.454, 605.036, 876.269, 939.327, 978.948, 857.681, 185.51, 77.572, 84.474, 70.935, 191.157, 103.537, 124.151, 68.673, 77.75, 92.843, 125.052, 48.761, 113.555, 147.852, 45.042, 138.264, 196.861, 103.005, 10.986, 26.967, 5.841, 12.013, 24.749, 40.0, 17.325, 38.016, 29.459, 21.184, 1.123, 3.502, 1.796, 2.846, 0.906]
257.57,[808.96, 1000.0, 422.689, 640.881, 952.595, 552.905, 1000.0, 739.813, 1000.0, 824.228, 163.512, 71.179, 67.375, 142.769, 108.98, 109.118, 179.984, 80.079, 68.598, 98.209, 137.525, 125.247, 120.504, 138.238, 59.381, 139.721, 156.279, 78.294, 13.021, 21.505, 5.079, 6.677, 27.151, 27.01, 16.019, 35.095, 28.419, 23.029, 3.012, 3.381, 2.744, 1.545, 0.921]
258.76,[907.818, 727.54, 684.302, 752.404, 549.383, 648.232, 851.826, 703.56, 873.482, 866.557, 105.193, 80.911, 95.305, 102.224, 157.006, 139.349, 107.768, 93.252, 99.386, 76.841, 142.092, 113.449, 151.172, 133.22, 82.31, 157.145, 149.436, 79.536, 8.982, 24.858, 27.23, 13.197, 37.722, 28.707, 28.594, 35.532, 25.793, 9.944, 3.566, 2.805, 2.159, 3.038, 3.49]
258.97,[801.266, 859.336, 482.191, 650.375, 589.167, 541.052, 999.12, 856.299, 874.216, 865.569, 171.119, 67.773, 74.734, 98.455, 147.503, 102.763, 154.675, 87.426, 61.907, 75.763, 129.153, 97.25, 110.925, 151.218, 73.597, 149.091, 157.198, 86.698, 16.567, 20.968, 9.77, 8.567, 35.153, 33.003, 27.521, 29.282, 24.409, 26.512, 2.531, 3.364, 1.581, 2.932, 1.428]
259.42,[789.01, 670.241, 730.491, 410.905, 526.275, 697.642, 904.415, 786.477, 758.77, 734.171, 61.396, 104.022, 116.245, 137.023, 117.309, 186.779, 148.599, 113.397, 77.102, 104.198, 90.517, 100.995, 145.212, 147.129, 56.647, 140.297, 120.265, 82.92, 15.485, 18.79, 19.895, 15.354, 27.047, 22.52, 29.174, 8.758, 15.443, 6.509, 2.994, 1.04, 2.219, 4.751, 1.071]
259.79,[843.794, 608.251, 594.377, 767.217, 591.622, 765.243, 789.308, 576.833, 985.245, 823.933, 108.641, 74.209, 102.926, 110.236, 146.301, 132.562, 116.74, 117.917, 102.688, 120.279, 141.411, 101.14, 150.019, 116.415, 84.828, 141.249, 147.948, 85.362, 13.621, 23.305, 31.288, 12.188, 38.218, 28.831, 25.943, 29.337, 21.323, 14.468, 3.999, 1.608, 2.826, 4.209, 3.004]
259.89,[916.7, 834.15, 738.63, 684.062, 507.418, 567.85, 911.266, 820.505, 796.463, 833.383, 106.162, 74.357, 87.827, 94.205, 154.543, 145.997, 118.411, 74.471, 105.258, 74.876, 129.795, 121.317, 154.098, 129.333, 67.869, 156.74, 153.034, 72.672, 6.196, 27.112, 26.349, 9.585, 37.21, 30.526, 27.07, 35.25, 26.937, 9.501, 3.229, 4.35, 2.115, 2.902, 2.858]
260.24,[812.761, 909.038, 499.682, 809.579, 627.467, 508.267, 1006.253, 824.145, 909.034, 859.087, 167.426, 79.199, 62.365, 129.899, 125.696, 110.917, 179.607, 80.968, 91.739, 112.503, 134.848, 124.084, 107.39, 123.753, 58.478, 155.129, 154.248, 76.278, 15.866, 21.612, 4.94, 13.668, 32.659, 27.456, 31.091, 28.091, 27.212, 22.909, 2.013, 3.495, 3.042, 2.965, 1.014]
261.12,[773.841, 884.2, 525.505, 667.212, 604.36, 491.27, 956.067, 865.772, 852.064, 865.016, 175.746, 64.209, 60.444, 104.354, 132.205, 150.547, 168.298, 77.435, 53.759, 65.695, 129.783, 121.927, 104.457, 128.628, 95.85, 145.238, 132.813, 85.172, 17.323, 20.955, 6.313, 13.548, 33.079, 30.495, 24.957, 34.422, 14.948, 17.132, 2.9, 4.267, 2.301, 3.072, 1.863]
261.15,[867.346, 656.473, 595.629, 807.176, 583.197, 609.653, 790.038, 583.902, 960.348, 866.331, 108.098, 73.184, 93.154, 87.945, 161.208, 133.139, 108.734, 94.056, 83.489, 67.636, 150.321, 83.983, 141.821, 164.565, 90.209, 148.888, 150.961, 87.286, 11.647, 23.435, 24.938, 13.553, 38.392, 27.755, 28.857, 27.527, 24.104, 14.448, 3.724, 1.973, 1.979, 2.377, 4.021]
261.39,[770.641, 894.954, 521.105, 675.118, 610.557, 478.414, 960.219, 868.175, 838.221, 866.392, 176.505, 61.437, 59.647, 108.263, 127.144, 152.906, 168.787, 81.333, 51.926, 65.095, 127.981, 127.029, 102.998, 126.526, 97.17, 147.071, 129.996, 85.871, 17.794, 21.062, 6.114, 13.882, 33.424, 29.399, 25.61, 34.033, 14.411, 16.618, 3.031, 4.249, 2.336, 3.102, 1.951]
261.44,[718.598, 856.984, 524.799, 652.786, 667.846, 541.725, 986.171, 760.412, 1000.0, 788.198, 151.181, 69.245, 75.456, 89.187, 147.468, 109.974, 140.892, 94.977, 48.378, 148.533, 96.134, 158.571, 95.388, 139.984, 112.907, 156.885, 155.983, 74.163, 16.541, 22.137, 4.335, 14.3, 14.086, 37.276, 19.707, 24.568, 28.161, 27.547, 2.351, 1.379, 2.582, 2.996, 1.991]
261.50,[768.781, 852.337, 528.142, 641.122, 673.153, 530.401, 973.709, 831.502, 764.555, 762.191, 152.698, 67.675, 70.86, 88.789, 128.201, 106.699, 150.76, 111.871, 69.131, 78.369, 137.022, 197.075, 109.217, 138.927, 99.31, 159.972, 145.118, 76.762, 13.234, 16.158, 12.957, 18.237, 32.948, 30.563, 24.323, 35.827, 25.932, 33.037, 1.908, 3.389, 2.646, 2.843, 1.857]
262.02,[818.164, 896.486, 489.557, 670.186, 575.875, 539.395, 959.224, 851.462, 834.465, 847.586, 178.902, 70.183, 74.409, 110.343, 97.41, 110.633, 162.192, 91.829, 61.354, 73.359, 129.42, 93.814, 109.877, 153.226, 82.554, 164.0, 138.102, 81.327, 13.285, 21.016, 14.879, 16.195, 34.857, 33.257, 23.766, 29.273, 18.991, 28.075, 2.269, 3.361, 1.443, 3.346, 1.404]
262.27,[843.449, 872.099, 632.02, 776.977, 623.043, 497.161, 969.266, 787.411, 805.254, 872.622, 166.767, 68.588, 81.336, 103.892, 136.314, 121.722, 161.036, 71.297, 79.633, 137.691, 117.56, 103.503, 120.652, 172.054, 66.152, 144.876, 156.49, 83.386, 13.47, 21.281, 8.828, 13.62, 32.073, 24.374, 21.242, 30.076, 17.52, 28.819, 2.171, 3.797, 4.349, 2.438, 0.543]
262.36,[937.948, 875.365, 860.67, 779.497, 695.521, 581.28, 904.345, 761.078, 522.172, 801.979, 130.646, 68.93, 81.739, 111.309, 127.984, 163.252, 128.14, 77.68, 118.678, 52.877, 128.305, 165.088, 151.656, 97.845, 60.34, 196.426, 152.41, 52.468, 6.091, 25.75, 25.582, 13.522, 36.812, 40.0, 26.96, 35.795, 35.623, 4.525, 3.332, 5.0, 2.509, 2.33, 2.371]
262.40,[788.83, 863.959, 437.637, 609.604, 600.125, 470.59, 902.61, 873.624, 1019.939, 841.775, 177.488, 66.486, 68.151, 101.14, 137.433, 115.966, 147.895, 84.052, 50.498, 92.052, 126.069, 106.55, 109.074, 172.291, 75.562, 139.36, 140.198, 73.484, 6.886, 20.991, 6.89, 10.784, 33.135, 36.605, 28.155, 31.259, 24.429, 17.133, 2.239, 3.553, 1.973, 2.57, 0.838]
263.74,[831.961, 904.599, 526.736, 659.646, 562.814, 593.6, 960.008, 859.874, 850.158, 863.842, 178.557, 62.542, 115.716, 109.482, 129.584, 151.145, 142.652, 71.38, 44.802, 76.659, 121.032, 124.801, 98.181, 114.408, 99.39, 160.835, 120.521, 89.408, 18.82, 24.903, 2.906, 12.561, 35.382, 29.739, 31.762, 34.9, 15.096, 11.776, 2.836, 4.405, 2.389, 3.102, 3.002]
263.80,[877.37, 551.421, 876.148, 773.369, 634.383, 797.164, 985.535, 500.565, 906.384, 827.086, 136.246, 68.261, 61.766, 103.76, 136.898, 127.992, 96.882, 119.747, 72.961, 126.57, 177.196, 110.145, 115.242, 110.352, 56.148, 155.375, 151.744, 92.626, 0.065, 21.567, 19.091, 13.691, 31.283, 27.075, 13.008, 27.045, 19.151, 16.791, 3.534, 1.484, 1.855, 3.952, 0.077]
264.55,[841.906, 711.058, 532.861, 466.854, 513.296, 596.2, 904.141, 766.086, 944.868, 826.222, 152.287, 73.136, 98.112, 111.971, 126.056, 133.324, 91.948, 98.686, 90.931, 94.254, 119.96, 83.037, 135.077, 172.338, 51.17, 143.766, 190.859, 70.085, 19.068, 22.285, 8.02, 5.353, 27.661, 23.987, 38.459, 17.74, 28.072, 27.643, 2.688, 1.653, 0.863, 2.142, 3.231]
266.29,[774.727, 864.331, 433.215, 678.158, 523.905, 594.635, 935.937, 872.861, 938.787, 888.892, 141.201, 67.087, 81.613, 96.683, 166.967, 106.104, 148.526, 78.184, 37.577, 82.522, 131.747, 60.916, 100.435, 162.23, 61.842, 140.422, 164.905, 87.428, 10.501, 25.643, 6.758, 7.924, 30.636, 30.782, 17.71, 32.334, 24.745, 24.306, 2.204, 3.341, 0.659, 2.826, 1.133]
266.54,[815.398, 974.991, 524.145, 676.056, 562.753, 498.554, 941.421, 857.889, 823.419, 854.435, 163.776, 59.045, 87.879, 122.43, 105.139, 101.551, 165.17, 109.977, 73.192, 112.034, 135.829, 120.246, 114.696, 116.425, 80.122, 177.069, 150.69, 72.81, 14.333, 21.328, 16.028, 15.479, 33.728, 38.851, 25.367, 33.279, 19.539, 27.752, 2.242, 3.881, 1.349, 3.398, 1.437]
266.67,[779.041, 708.914, 427.265, 657.209, 521.022, 618.39, 972.07, 878.026, 947.032, 876.2, 209.634, 73.263, 78.64, 117.596, 169.558, 104.128, 180.605, 77.085, 37.475, 86.813, 124.394, 38.861, 94.928, 164.321, 55.969, 143.287, 169.703, 85.353, 10.748, 25.907, 7.665, 7.29, 15.464, 28.98, 4.671, 32.089, 27.638, 18.227, 2.058, 3.925, 5.62, 2.607, 1.314]
267.03,[873.874, 819.596, 593.216, 845.383, 624.193, 501.214, 944.221, 768.833, 912.573, 910.443, 163.474, 73.993, 70.845, 113.206, 155.086, 120.715, 149.805, 52.061, 41.249, 82.45, 122.269, 51.461, 114.705, 189.374, 58.094, 139.634, 152.392, 84.398, 6.14, 23.585, 7.974, 1.657, 29.789, 22.588, 18.021, 34.949, 13.859, 27.789, 2.485, 2.613, 0.969, 2.43, 0.114]
267.70,[756.182, 867.821, 398.99, 697.574, 478.298, 632.079, 891.783, 884.434, 983.912, 905.19, 120.293, 66.608, 86.42, 95.445, 180.569, 108.439, 144.229, 71.725, 20.574, 87.245, 133.56, 35.525, 93.104, 169.925, 53.627, 134.364, 170.292, 87.938, 6.261, 28.91, 4.652, 7.474, 27.48, 29.23, 10.855, 34.467, 24.98, 22.765, 1.976, 3.325, 0.015, 2.752, 0.927]
267.78,[720.358, 899.327, 553.491, 626.278, 593.057, 566.107, 1117.113, 893.376, 946.031, 869.202, 179.735, 76.277, 38.871, 167.948, 89.119, 105.445, 175.931, 47.627, 67.937, 118.905, 138.308, 163.047, 106.338, 157.224, 37.77, 149.374, 192.059, 86.976, 0.0, 22.937, 4.939, 12.134, 27.8, 30.266, 43.205, 45.744, 30.545, 18.649, 1.241, 3.413, 2.444, 2.557, 0.718]
268.32,[865.707, 818.608, 588.401, 836.526, 623.598, 504.639, 946.537, 766.847, 917.269, 902.61, 163.023, 74.292, 72.26, 111.72, 154.475, 117.083, 149.371, 54.392, 47.241, 86.753, 120.897, 55.695, 115.708, 185.023, 57.466, 140.9, 152.849, 82.747, 6.249, 23.485, 8.281, 2.453, 30.288, 23.357, 18.251, 33.316, 14.612, 27.742, 2.481, 2.547, 1.183, 2.424, 0.232]
268.91,[802.6, 874.174, 434.865, 610.002, 533.479, 573.887, 918.104, 928.141, 848.96, 838.112, 159.726, 63.178, 78.648, 104.195, 101.571, 116.35, 179.168, 92.994, 104.946, 60.692, 103.924, 94.807, 117.486, 86.864, 88.149, 150.119, 151.695, 55.84, 9.768, 19.577, 8.354, 8.88, 33.332, 25.051, 20.781, 26.467, 23.728, 26.354, 1.705, 3.532, 1.076, 3.347, 0.972]
268.98,[750.707, 880.082, 518.143, 520.207, 618.854, 552.61, 990.216, 914.941, 824.379, 931.79, 169.499, 67.86, 71.452, 86.749, 122.857, 100.0, 173.015, 121.414, 51.862, 85.659, 117.294, 100.624, 111.778, 81.244, 86.763, 159.221, 127.965, 78.345, 11.745, 15.297, 11.189, 13.771, 32.762, 37.219, 21.215, 31.481, 24.53, 28.702, 2.52, 3.725, 0.676, 3.387, 0.929]
269.25,[767.545, 929.178, 527.577, 558.544, 593.756, 521.387, 968.376, 860.017, 801.102, 902.378, 152.237, 68.147, 74.861, 91.967, 130.92, 104.306, 148.424, 110.478, 57.791, 70.307, 156.162, 111.669, 111.242, 114.779, 93.823, 160.115, 130.75, 75.363, 13.875, 18.57, 12.514, 17.564, 31.468, 32.055, 26.033, 32.545, 28.18, 28.369, 1.948, 3.516, 1.063, 3.356, 1.473]
269.26,[815.248, 860.663, 548.962, 363.653, 789.586, 314.142, 850.017, 946.561, 900.792, 819.577, 130.919, 71.129, 74.424, 96.72, 87.963, 118.072, 132.546, 111.875, 58.181, 88.824, 93.659, 85.947, 168.555, 163.919, 83.414, 133.252, 153.92, 97.969, 21.869, 18.888, 11.076, 31.141, 40.0, 23.865, 38.295, 23.771, 28.241, 28.316, 0.591, 2.696, 2.393, 3.886, 3.643]
269.34,[754.876, 905.936, 489.784, 779.678, 591.623, 517.861, 1001.639, 878.476, 948.407, 872.763, 157.552, 66.339, 66.876, 98.15, 137.648, 134.864, 153.694, 49.415, 30.096, 58.463, 157.049, 63.55, 115.351, 161.038, 104.585, 159.786, 150.947, 75.878, 6.767, 19.983, 16.088, 22.974, 29.187, 33.714, 28.16, 32.195, 20.179, 25.801, 1.98, 3.645, 0.352, 3.629, 0.176]
269.44,[787.087, 1000.0, 547.466, 561.888, 702.795, 521.069, 1000.0, 849.99, 872.822, 857.712, 120.947, 57.569, 73.411, 120.583, 118.281, 101.551, 148.861, 82.433, 45.68, 74.676, 137.631, 147.864, 117.745, 98.733, 100.328, 135.626, 111.889, 60.602, 20.801, 15.959, 15.101, 21.968, 38.833, 32.804, 21.682, 33.801, 28.837, 35.462, 2.603, 3.71, 0.49, 3.15, 1.736]
269.74,[780.512, 814.418, 543.759, 757.494, 693.693, 619.99, 1169.281, 667.964, 1055.95, 777.225, 205.274, 81.864, 117.864, 89.736, 143.415, 109.748, 122.237, 20.265, 66.763, 54.125, 144.859, 61.458, 116.816, 166.131, 60.504, 142.302, 162.264, 84.25, 17.074, 28.748, 9.894, 15.98, 33.843, 36.083, 13.736, 24.886, 30.893, 28.09, 2.609, 4.049, 3.172, 4.121, 3.856]
269.99,[741.531, 812.251, 502.764, 672.93, 609.391, 569.476, 961.454, 720.056, 998.049, 765.364, 158.832, 78.696, 99.089, 84.754, 146.32, 54.109, 144.225, 98.324, 154.537, 163.525, 96.649, 132.769, 132.205, 112.469, 43.072, 166.318, 164.298, 56.142, 8.98, 21.658, 13.536, 17.214, 38.931, 38.017, 22.382, 4.748, 27.656, 26.147, 2.415, 1.406, 4.989, 2.327, 2.248]
270.05,[884.766, 689.961, 623.686, 760.321, 654.616, 737.157, 827.422, 612.841, 930.73, 857.79, 134.043, 81.814, 94.381, 107.676, 180.979, 123.656, 109.156, 95.81, 71.907, 78.419, 154.34, 93.827, 144.724, 117.247, 83.151, 155.958, 148.37, 82.725, 12.333, 22.116, 22.06, 13.08, 38.413, 26.411, 26.093, 33.05, 22.176, 13.631, 3.791, 1.754, 2.148, 3.345, 4.785]
270.09,[802.113, 770.941, 533.724, 718.138, 564.506, 494.529, 1014.213, 934.004, 975.744, 918.049, 161.751, 68.778, 91.457, 66.215, 107.308, 109.056, 159.172, 125.18, 62.984, 116.306, 130.549, 117.521, 110.218, 92.572, 78.736, 180.668, 152.016, 78.611, 10.487, 15.008, 16.988, 4.254, 36.27, 37.638, 23.694, 28.271, 21.009, 29.212, 2.309, 4.01, 1.532, 3.44, 1.665]
270.70,[779.462, 917.745, 448.091, 653.773, 491.238, 578.242, 926.605, 827.302, 929.765, 814.924, 165.217, 57.234, 78.047, 91.57, 173.093, 137.3, 182.842, 43.978, 57.337, 75.404, 99.847, 84.611, 114.891, 163.725, 62.677, 150.129, 182.999, 110.867, 3.601, 24.452, 7.32, 10.764, 33.748, 35.162, 13.39, 28.715, 23.298, 26.753, 1.575, 3.521, 0.848, 2.468, 0.676]
271.71,[838.083, 698.44, 495.316, 815.604, 643.9, 695.474, 863.195, 726.097, 958.758, 789.523, 186.483, 85.09, 99.327, 114.613, 196.827, 114.568, 94.889, 90.94, 79.065, 79.928, 80.85, 94.742, 150.63, 137.528, 54.803, 138.327, 162.267, 78.815, 5.536, 21.546, 19.356, 16.867, 34.051, 25.264, 28.876, 31.744, 32.377, 21.237, 2.665, 4.732, 3.094, 3.444, 2.059]
271.73,[987.396, 807.681, 498.039, 872.43, 623.471, 594.44, 800.335, 740.826, 973.434, 729.179, 131.787, 69.612, 88.804, 85.745, 167.622, 123.765, 175.8, 80.699, 86.838, 105.877, 144.905, 62.886, 126.302, 142.087, 74.421, 133.033, 145.749, 66.771, 12.952, 19.895, 22.58, 0.0, 34.69, 17.247, 18.694, 29.139, 11.325, 18.92, 2.335, 1.807, 1.983, 3.038, 1.646]
272.25,[803.21, 841.425, 529.79, 368.247, 806.973, 327.6, 838.752, 947.964, 880.382, 820.772, 126.977, 74.999, 79.686, 97.83, 87.192, 114.513, 133.518, 110.076, 57.091, 83.93, 92.683, 92.204, 164.356, 165.228, 87.121, 131.506, 151.656, 99.379, 20.28, 20.484, 10.935, 31.779, 42.95, 24.931, 39.571, 24.663, 28.779, 28.982, 0.66, 2.801, 2.43, 3.842, 3.503]
272.32,[721.845, 801.193, 503.568, 680.496, 613.123, 564.962, 987.329, 731.849, 1000.0, 764.614, 155.088, 79.559, 97.185, 85.534, 143.708, 53.096, 141.727, 95.457, 152.794, 162.553, 96.72, 130.286, 133.368, 108.379, 46.404, 163.197, 160.903, 53.664, 8.167, 21.717, 13.701, 16.482, 39.073, 36.903, 22.307, 4.55, 27.877, 26.9, 2.411, 1.379, 4.953, 2.325, 2.305]
272.90,[807.33, 797.117, 543.243, 664.874, 711.132, 515.669, 932.738, 726.404, 1000.0, 843.528, 158.168, 62.046, 97.062, 97.427, 132.134, 57.862, 131.144, 85.497, 169.312, 156.597, 98.447, 113.502, 131.123, 113.907, 33.48, 175.532, 175.208, 62.127, 9.457, 22.145, 11.59, 15.89, 40.0, 34.56, 21.359, 2.826, 29.604, 28.162, 2.728, 1.738, 4.509, 2.424, 1.656]
273.23,[724.92, 891.859, 434.268, 601.214, 568.69, 552.555, 866.101, 883.281, 1000.0, 913.389, 168.413, 75.269, 89.946, 80.413, 181.997, 107.915, 144.472, 74.52, 65.55, 86.67, 110.885, 49.634, 106.502, 158.708, 47.709, 144.575, 176.368, 89.559, 7.84, 27.093, 5.2, 9.431, 24.241, 37.851, 16.383, 36.07, 24.089, 18.828, 1.596, 3.252, 1.574, 2.688, 0.664]
273.51,[820.649, 920.387, 510.368, 874.569, 651.719, 496.126, 1033.122, 794.988, 930.638, 862.897, 167.936, 84.932, 59.02, 139.312, 130.122, 103.977, 181.34, 78.803, 94.293, 130.799, 142.461, 130.91, 105.568, 131.255, 46.472, 157.675, 157.916, 79.539, 17.012, 22.16, 3.982, 14.751, 32.449, 27.552, 34.272, 27.537, 29.761, 22.978, 1.954, 3.375, 3.586, 2.865, 0.9]
273.59,[799.17, 857.105, 493.775, 658.111, 592.458, 514.389, 963.358, 846.971, 880.909, 837.661, 165.1, 70.326, 78.78, 95.374, 149.165, 105.619, 155.749, 84.322, 62.347, 80.432, 130.391, 99.188, 112.128, 150.674, 76.772, 147.701, 148.856, 84.103, 15.851, 21.073, 10.063, 9.678, 35.593, 33.946, 26.717, 28.094, 25.28, 26.553, 2.479, 3.409, 1.656, 2.902, 1.429]
274.01,[759.617, 883.811, 543.452, 678.944, 511.585, 459.287, 937.591, 874.455, 966.454, 862.977, 164.68, 66.82, 92.285, 108.314, 95.798, 173.803, 153.102, 77.31, 62.355, 89.219, 133.117, 111.326, 100.42, 98.86, 71.089, 147.495, 142.081, 86.096, 15.848, 20.161, 6.717, 4.765, 29.616, 27.189, 32.319, 32.276, 25.489, 17.377, 1.91, 3.231, 0.216, 3.277, 0.839]
274.05,[769.281, 926.917, 529.775, 564.336, 590.485, 519.158, 962.662, 861.128, 801.351, 902.307, 151.488, 69.046, 74.978, 91.932, 130.69, 103.696, 148.588, 110.416, 57.433, 70.886, 154.893, 111.467, 111.365, 114.651, 92.981, 158.679, 130.359, 74.588, 13.753, 18.82, 12.454, 17.631, 31.428, 32.194, 26.286, 32.336, 28.357, 28.392, 1.961, 3.544, 1.058, 3.391, 1.511]
274.19,[733.289, 801.26, 518.928, 672.314, 647.972, 533.47, 995.316, 785.496, 957.616, 790.347, 150.871, 73.901, 67.15, 80.828, 141.993, 110.645, 120.751, 59.747, 70.372, 82.022, 107.258, 170.345, 105.389, 148.888, 99.446, 158.236, 156.719, 83.88, 16.255, 26.3, 13.072, 6.782, 33.956, 36.617, 24.886, 24.667, 23.222, 32.223, 2.321, 2.413, 3.465, 2.956, 1.745]
274.23,[826.763, 486.836, 464.608, 635.026, 647.014, 566.724, 951.939, 572.954, 769.207, 869.392, 149.753, 54.212, 65.148, 114.389, 105.292, 117.215, 152.032, 114.989, 102.545, 110.347, 105.297, 104.27, 119.915, 96.41, 84.507, 155.561, 148.389, 76.001, 13.957, 13.119, 8.984, 16.157, 31.456, 20.545, 22.145, 25.477, 22.065, 27.384, 3.279, 3.044, 2.275, 3.396, 0.984]
274.68,[836.936, 707.484, 497.182, 766.2, 518.418, 640.408, 1030.616, 757.308, 948.408, 843.934, 234.024, 84.579, 95.316, 115.342, 176.738, 96.081, 176.698, 93.435, 38.586, 85.998, 118.936, 39.546, 84.638, 145.489, 32.188, 148.268, 169.211, 81.818, 10.732, 21.143, 10.162, 13.765, 20.269, 25.455, 1.712, 31.956, 28.763, 19.021, 2.607, 3.96, 4.078, 4.306, 1.499]
275.26,[838.464, 919.433, 528.898, 668.794, 554.756, 600.235, 955.549, 862.6, 849.594, 861.7, 179.385, 64.383, 114.693, 108.317, 127.737, 149.26, 144.965, 75.111, 45.918, 72.151, 124.588, 124.787, 100.69, 115.627, 98.212, 159.067, 117.552, 88.539, 17.733, 24.8, 2.541, 12.238, 34.958, 30.578, 31.457, 34.516, 14.888, 12.099, 2.95, 4.372, 2.4, 3.109, 3.05]
275.26,[887.552, 678.606, 652.371, 761.85, 580.515, 801.235, 701.722, 608.385, 929.516, 820.275, 119.342, 72.725, 98.168, 116.23, 172.686, 137.012, 168.092, 98.951, 85.35, 58.07, 129.715, 93.964, 151.957, 169.323, 103.394, 130.518, 195.339, 106.382, 7.482, 21.199, 22.536, 15.194, 40.464, 24.841, 26.273, 35.897, 21.772, 16.216, 3.426, 2.35, 1.37, 2.958, 2.797]
275.34,[840.546, 870.086, 628.688, 778.482, 625.494, 497.411, 967.294, 791.109, 803.307, 876.226, 165.29, 69.01, 81.244, 103.406, 137.014, 121.776, 160.821, 71.559, 79.067, 137.784, 117.98, 102.706, 120.237, 172.97, 65.692, 144.555, 156.682, 82.167, 13.871, 21.265, 8.898, 13.764, 31.976, 24.324, 21.441, 30.098, 17.566, 29.06, 2.165, 3.807, 4.365, 2.417, 0.55]
275.57,[771.104, 924.922, 529.08, 548.959, 606.057, 556.115, 1000.0, 860.52, 810.742, 899.324, 150.824, 69.188, 73.517, 90.089, 129.247, 105.226, 151.696, 111.325, 53.673, 76.555, 151.657, 113.477, 110.233, 108.865, 89.771, 161.292, 127.228, 78.162, 13.807, 17.915, 11.745, 16.758, 31.776, 33.007, 26.39, 31.081, 26.023, 27.887, 2.02, 3.568, 1.306, 3.198, 1.402]
275.77,[991.076, 821.912, 569.852, 732.308, 787.332, 598.335, 963.034, 698.957, 384.82, 784.418, 173.769, 68.797, 121.245, 135.089, 98.038, 122.647, 133.156, 105.088, 106.265, 32.51, 121.629, 33.394, 142.286, 168.527, 60.712, 122.337, 163.342, 102.193, 9.337, 28.18, 13.293, 14.756, 36.623, 40.0, 24.912, 25.34, 29.165, 40.0, 3.228, 4.392, 2.986, 3.283, 2.242]
276.65,[873.117, 1000.0, 576.491, 974.714, 604.827, 167.021, 1000.0, 639.936, 974.827, 837.157, 146.067, 59.479, 68.47, 140.77, 200.0, 198.105, 177.842, 25.029, 27.971, 27.048, 87.649, 53.928, 79.163, 200.0, 80.611, 173.853, 198.888, 92.474, 3.22, 23.801, 8.641, 11.175, 40.0, 21.597, 11.509, 40.0, 15.347, 23.625, 1.14, 5.0, 0.0, 3.289, 0.017]
276.65,[877.37, 782.078, 876.148, 630.989, 634.383, 670.228, 985.535, 631.182, 906.384, 785.469, 136.246, 80.425, 61.766, 82.918, 136.898, 114.092, 96.882, 80.078, 72.961, 107.391, 177.196, 78.274, 115.242, 95.788, 56.148, 140.542, 151.744, 63.964, 0.065, 17.295, 19.091, 5.443, 31.283, 21.981, 13.008, 23.794, 19.151, 33.159, 3.534, 1.622, 1.855, 2.514, 0.077]
277.00,[867.702, 796.766, 627.947, 764.456, 615.916, 662.702, 1000.0, 789.659, 974.973, 970.023, 157.9, 74.759, 69.144, 86.257, 146.604, 113.649, 134.949, 78.076, 67.165, 99.381, 138.932, 73.332, 125.361, 153.826, 57.09, 144.981, 153.971, 72.26, 1.509, 18.416, 10.353, 5.428, 26.325, 23.261, 12.779, 26.568, 14.139, 26.949, 2.602, 2.2, 1.964, 2.276, 0.012]
277.26,[847.684, 518.457, 559.381, 738.159, 555.072, 786.318, 883.574, 722.834, 919.629, 829.45, 146.508, 92.782, 131.425, 127.632, 157.016, 57.373, 106.921, 85.654, 137.624, 95.251, 119.923, 125.558, 133.233, 157.639, 98.674, 165.986, 145.453, 76.861, 8.698, 19.987, 18.309, 12.922, 35.553, 26.832, 20.169, 36.608, 22.914, 19.665, 2.956, 2.219, 3.036, 2.958, 2.914]
277.36,[787.839, 853.104, 434.688, 532.862, 713.552, 528.447, 983.014, 759.455, 765.443, 778.451, 175.83, 63.75, 73.879, 76.786, 152.844, 104.086, 140.259, 93.801, 56.838, 66.845, 138.041, 41.288, 103.47, 135.92, 109.128, 150.956, 150.125, 88.279, 21.076, 21.718, 5.333, 14.062, 18.953, 34.57, 11.971, 33.752, 25.346, 27.718, 2.109, 3.45, 1.8, 2.911, 0.698]
277.87,[871.968, 610.959, 615.033, 804.449, 590.661, 755.256, 778.191, 567.124, 962.648, 889.326, 103.372, 90.414, 95.004, 112.917, 159.813, 141.087, 100.384, 108.911, 88.079, 71.463, 156.179, 99.9, 144.229, 135.634, 92.09, 155.616, 148.853, 82.688, 12.526, 21.835, 26.967, 15.907, 38.64, 26.173, 30.607, 36.026, 24.516, 11.161, 3.968, 1.011, 2.187, 3.229, 4.395]
278.06,[830.486, 776.645, 620.277, 689.929, 710.32, 710.008, 878.4, 719.809, 950.653, 834.85, 152.394, 73.515, 90.956, 94.955, 200.829, 117.723, 123.823, 74.601, 56.932, 76.491, 140.145, 83.347, 137.255, 106.547, 66.865, 157.825, 153.726, 90.593, 12.719, 22.026, 15.012, 9.051, 37.935, 27.381, 21.111, 30.307, 20.792, 18.395, 3.496, 2.807, 2.014, 3.427, 4.817]
278.83,[736.257, 814.964, 499.568, 668.863, 610.007, 570.7, 967.344, 725.291, 987.034, 762.339, 156.112, 79.219, 98.555, 86.07, 144.826, 54.352, 144.016, 97.604, 155.334, 163.188, 96.362, 131.553, 132.111, 111.404, 43.507, 165.125, 163.818, 54.843, 8.55, 21.297, 13.543, 17.075, 38.756, 37.699, 22.376, 4.645, 27.744, 26.618, 2.429, 1.463, 5.0, 2.286, 2.229]
279.27,[812.726, 886.481, 488.637, 599.242, 687.697, 572.288, 930.763, 909.415, 959.072, 928.312, 176.998, 75.387, 78.821, 85.671, 190.634, 113.47, 151.186, 74.318, 47.786, 87.313, 114.02, 114.119, 112.782, 160.92, 55.806, 144.515, 179.36, 87.58, 20.091, 28.35, 7.391, 8.834, 29.468, 31.609, 13.418, 35.042, 21.798, 23.317, 1.979, 2.797, 1.481, 2.675, 2.07]
279.60,[776.972, 911.594, 474.689, 579.252, 573.731, 592.853, 969.731, 822.464, 892.323, 925.556, 186.593, 75.125, 48.249, 94.595, 118.499, 100.547, 171.491, 113.33, 56.229, 69.802, 130.894, 116.96, 92.032, 104.141, 89.592, 165.476, 121.009, 89.832, 17.043, 16.453, 5.686, 19.176, 31.4, 35.375, 26.369, 30.89, 16.133, 29.585, 2.794, 3.754, 2.366, 3.718, 1.884]
280.31,[777.071, 824.137, 931.752, 562.801, 773.971, 631.656, 869.886, 744.702, 460.29, 810.115, 213.811, 64.114, 80.763, 79.786, 130.42, 104.065, 128.354, 83.3, 106.517, 109.512, 127.874, 123.787, 163.991, 180.003, 58.864, 116.312, 152.375, 73.857, 15.167, 24.59, 24.603, 14.177, 36.814, 24.083, 20.046, 27.073, 15.964, 38.789, 3.307, 4.221, 2.28, 3.537, 5.358]
280.42,[767.386, 844.832, 501.512, 709.409, 689.192, 654.437, 1052.822, 750.254, 902.276, 831.328, 169.212, 75.157, 91.142, 91.423, 151.228, 112.258, 134.306, 58.451, 62.671, 86.167, 144.77, 107.367, 107.832, 155.048, 79.929, 152.85, 156.61, 81.462, 13.719, 24.401, 5.423, 11.425, 37.194, 31.511, 19.895, 26.827, 26.024, 32.306, 1.836, 2.995, 2.899, 1.87, 2.852]
280.46,[933.33, 577.326, 738.888, 807.623, 618.326, 895.678, 606.479, 515.668, 929.41, 822.542, 99.912, 79.286, 106.69, 126.674, 172.514, 136.89, 161.845, 122.233, 97.214, 50.729, 142.365, 97.925, 167.656, 171.693, 120.639, 122.212, 200.565, 104.483, 9.125, 19.822, 28.981, 17.07, 43.309, 20.469, 31.729, 38.939, 21.126, 11.753, 4.21, 1.854, 1.591, 3.165, 3.695]
280.67,[899.61, 874.368, 513.893, 425.993, 692.382, 502.366, 1049.774, 908.888, 697.943, 954.875, 195.841, 83.508, 58.272, 104.141, 145.952, 112.514, 159.119, 98.58, 70.383, 102.345, 121.896, 108.108, 69.646, 145.5, 83.993, 179.411, 153.793, 75.043, 17.292, 14.998, 0.954, 12.671, 34.26, 38.136, 24.886, 31.057, 26.14, 29.49, 2.435, 3.12, 1.25, 3.34, 1.13]
280.85,[780.873, 901.473, 502.949, 600.048, 615.977, 500.69, 982.659, 837.021, 816.924, 867.594, 175.911, 66.836, 71.014, 104.257, 142.405, 112.142, 166.554, 96.672, 55.504, 71.09, 124.961, 111.477, 105.736, 126.269, 88.863, 150.203, 140.615, 81.37, 16.505, 21.211, 5.538, 13.389, 33.253, 35.565, 26.337, 31.585, 23.265, 27.855, 2.459, 3.747, 1.805, 3.188, 1.011]
280.92,[1031.571, 715.808, 467.049, 672.586, 861.177, 588.227, 965.25, 698.659, 900.925, 739.792, 214.579, 70.566, 98.395, 101.133, 135.807, 89.18, 123.605, 20.0, 66.557, 50.516, 131.273, 48.887, 106.223, 165.243, 71.205, 150.889, 127.936, 82.508, 11.588, 31.298, 11.521, 17.639, 37.498, 45.926, 13.752, 24.691, 30.58, 26.771, 1.65, 3.114, 3.338, 5.073, 4.485]
281.02,[779.888, 817.203, 543.708, 753.124, 689.582, 613.608, 1159.99, 676.063, 1047.219, 781.815, 204.146, 81.361, 115.248, 90.419, 142.575, 111.338, 124.038, 22.644, 66.264, 54.363, 143.995, 64.128, 116.159, 164.803, 62.017, 142.22, 161.199, 84.251, 17.133, 28.475, 9.703, 15.929, 33.84, 35.846, 14.214, 25.23, 30.281, 27.627, 2.626, 4.061, 3.134, 4.076, 3.772]
281.57,[956.653, 709.934, 521.355, 708.894, 554.71, 735.592, 838.672, 809.238, 844.161, 810.316, 203.484, 72.9, 121.802, 110.334, 152.811, 116.901, 111.893, 51.666, 52.513, 92.554, 142.206, 110.944, 110.856, 137.565, 90.675, 126.029, 147.843, 85.61, 15.449, 24.904, 18.329, 2.87, 35.569, 30.259, 26.857, 24.183, 18.211, 31.271, 4.354, 2.288, 2.977, 1.889, 3.281]
281.70,[897.494, 603.617, 621.152, 831.844, 598.163, 741.669, 782.733, 567.625, 963.008, 905.119, 104.067, 88.529, 103.997, 111.545, 159.869, 131.62, 95.398, 115.082, 92.561, 79.126, 156.387, 104.304, 147.772, 137.738, 99.096, 157.617, 145.253, 87.514, 12.22, 22.238, 28.254, 17.396, 38.318, 26.593, 30.366, 35.861, 24.464, 10.458, 3.958, 1.01, 2.209, 3.195, 4.224]
281.97,[819.985, 835.628, 418.657, 696.826, 516.163, 478.69, 890.531, 845.355, 933.658, 819.608, 148.212, 44.139, 77.463, 94.946, 175.368, 134.032, 185.481, 46.451, 40.077, 70.954, 94.301, 75.071, 122.079, 170.568, 73.331, 148.303, 169.867, 97.143, 3.61, 23.477, 5.984, 9.174, 36.652, 35.739, 12.256, 28.037, 20.84, 24.197, 1.404, 3.61, 0.11, 2.487, 0.635]
282.42,[828.759, 875.614, 460.993, 716.023, 617.145, 503.536, 968.217, 771.877, 876.195, 844.526, 165.633, 70.621, 80.089, 101.506, 138.571, 124.605, 156.326, 76.043, 61.127, 129.998, 122.232, 97.388, 116.898, 159.029, 66.373, 147.235, 149.638, 84.262, 15.612, 21.281, 9.933, 8.476, 32.97, 27.489, 20.838, 30.463, 25.66, 29.737, 2.57, 3.836, 5.496, 2.745, 0.189]
282.48,[772.128, 880.29, 540.415, 658.081, 643.823, 518.668, 984.446, 824.504, 841.355, 857.497, 178.544, 63.546, 69.775, 100.067, 117.512, 142.998, 160.391, 83.587, 56.854, 78.856, 128.015, 114.463, 108.735, 132.818, 88.788, 143.735, 135.803, 85.576, 16.616, 21.374, 7.157, 11.94, 34.174, 28.841, 23.337, 31.985, 14.942, 20.192, 3.057, 4.194, 2.334, 3.141, 2.593]
283.48,[777.316, 788.227, 514.113, 757.852, 635.117, 534.672, 965.292, 809.186, 996.696, 881.21, 167.535, 82.731, 121.603, 79.648, 165.11, 110.582, 104.018, 62.283, 64.164, 102.217, 143.701, 85.76, 105.949, 146.864, 91.517, 147.88, 148.884, 85.526, 15.506, 24.83, 17.744, 7.749, 41.228, 32.671, 26.896, 25.239, 23.737, 31.179, 2.204, 2.479, 3.495, 1.469, 3.305]
283.60,[811.611, 849.595, 423.754, 611.588, 532.576, 566.818, 925.276, 918.552, 837.007, 826.202, 161.782, 63.422, 80.231, 102.709, 100.745, 113.901, 174.577, 90.337, 104.803, 65.873, 103.923, 88.759, 114.584, 89.415, 82.475, 148.846, 155.84, 56.651, 9.759, 20.276, 8.216, 9.285, 33.063, 25.535, 20.538, 27.604, 23.721, 26.91, 1.634, 3.601, 1.031, 3.288, 0.943]
283.68,[792.49, 900.731, 532.151, 783.874, 628.483, 494.072, 976.863, 795.119, 991.772, 830.569, 171.614, 90.469, 70.56, 115.4, 185.191, 120.33, 159.072, 44.947, 38.249, 68.521, 118.673, 84.178, 115.908, 173.326, 73.156, 143.965, 162.971, 90.114, 2.462, 22.56, 7.235, 7.51, 39.403, 33.201, 19.987, 33.065, 18.528, 26.727, 2.316, 3.399, 0.457, 2.896, 0.925]
283.70,[968.919, 785.568, 573.204, 742.028, 777.353, 633.278, 957.301, 681.548, 485.512, 795.603, 166.081, 69.642, 119.722, 133.631, 107.954, 111.756, 130.186, 106.246, 114.672, 47.21, 125.876, 46.374, 139.63, 159.702, 66.953, 126.925, 161.559, 98.786, 9.57, 27.343, 13.931, 14.448, 37.019, 37.893, 23.963, 26.638, 28.269, 36.755, 3.164, 3.916, 2.96, 3.449, 2.466]
283.80,[761.034, 884.146, 526.734, 655.768, 602.67, 450.674, 944.291, 873.515, 831.666, 887.969, 176.177, 69.376, 63.87, 105.524, 128.053, 150.728, 168.23, 79.567, 53.578, 62.94, 126.947, 123.799, 98.702, 133.754, 99.234, 141.388, 132.772, 84.037, 17.257, 20.949, 5.765, 13.659, 33.455, 30.614, 25.477, 33.356, 14.991, 16.327, 2.956, 4.36, 2.287, 3.026, 1.891]
283.84,[831.503, 979.041, 493.639, 618.695, 535.937, 596.079, 977.3, 921.645, 814.046, 852.426, 194.473, 61.399, 121.659, 107.955, 121.159, 157.223, 145.658, 73.678, 37.395, 63.427, 123.918, 145.84, 90.431, 101.406, 109.888, 163.687, 103.74, 91.244, 20.912, 25.313, 0.0, 14.134, 35.222, 32.294, 34.717, 35.557, 14.719, 8.02, 2.918, 5.156, 2.577, 3.153, 3.596]
283.85,[772.774, 895.846, 520.612, 673.0, 610.771, 480.862, 958.508, 868.584, 837.195, 869.05, 176.554, 63.238, 58.561, 108.239, 126.708, 152.812, 168.889, 80.053, 52.784, 65.178, 128.346, 126.776, 103.64, 127.57, 97.877, 146.566, 130.918, 85.238, 17.856, 20.952, 6.353, 13.994, 33.546, 29.583, 25.535, 34.012, 14.419, 16.867, 3.001, 4.271, 2.363, 3.108, 1.966]
283.87,[829.951, 843.91, 529.666, 700.428, 555.693, 600.88, 976.368, 802.808, 948.881, 851.298, 153.863, 68.05, 78.825, 88.368, 126.642, 113.303, 150.266, 72.432, 72.503, 85.251, 123.925, 86.292, 125.98, 137.962, 66.049, 143.906, 155.38, 79.78, 6.076, 20.288, 9.274, 6.819, 29.938, 25.244, 16.431, 25.389, 18.197, 26.262, 2.454, 2.944, 1.452, 2.586, 0.387]
284.14,[830.067, 838.897, 536.433, 841.955, 652.459, 505.268, 956.689, 762.478, 950.953, 881.08, 176.486, 74.658, 78.25, 85.773, 104.431, 112.058, 167.166, 74.925, 35.667, 100.114, 134.13, 114.92, 114.586, 139.163, 66.559, 144.303, 155.095, 82.451, 25.212, 21.195, 8.558, 6.259, 30.253, 28.109, 24.301, 38.182, 16.807, 26.287, 2.513, 2.883, 1.511, 2.675, 2.444]
284.24,[991.162, 809.73, 517.179, 877.473, 625.512, 636.988, 832.317, 694.627, 928.0, 762.344, 134.251, 68.141, 93.208, 81.955, 167.44, 119.04, 161.989, 73.74, 97.862, 101.036, 151.668, 52.842, 123.979, 140.018, 75.411, 135.639, 143.213, 59.162, 14.437, 21.355, 23.304, 0.473, 33.274, 19.901, 17.538, 29.778, 13.11, 20.41, 2.293, 1.552, 1.981, 2.934, 1.57]
284.64,[766.382, 839.431, 482.345, 758.561, 700.737, 743.715, 1109.764, 691.775, 1001.404, 881.091, 181.098, 80.543, 105.74, 93.319, 167.803, 116.26, 122.464, 20.0, 58.021, 91.78, 150.347, 42.798, 106.835, 166.651, 65.979, 147.724, 164.881, 84.845, 14.068, 30.334, 0.0, 6.522, 40.25, 32.193, 16.708, 20.348, 26.091, 31.78, 1.784, 2.711, 3.081, 1.17, 3.568]
285.05,[686.465, 895.973, 583.473, 575.194, 989.58, 536.931, 809.506, 604.376, 880.588, 870.82, 134.608, 20.574, 200.0, 81.416, 148.978, 122.509, 122.532, 132.585, 132.552, 109.44, 114.265, 82.309, 187.504, 171.167, 102.579, 131.164, 166.808, 72.02, 12.364, 19.436, 40.0, 28.064, 31.425, 11.717, 20.633, 40.0, 33.384, 13.284, 4.111, 3.571, 3.428, 4.813, 1.573]
285.07,[836.056, 725.574, 493.288, 760.801, 529.04, 625.681, 1023.902, 758.875, 940.638, 843.997, 226.665, 83.077, 93.677, 113.853, 172.631, 99.15, 174.506, 91.564, 41.011, 90.732, 119.29, 45.77, 88.109, 146.946, 35.866, 148.157, 167.105, 82.081, 11.257, 21.158, 10.137, 13.196, 21.636, 25.674, 3.77, 31.796, 28.429, 20.174, 2.603, 3.947, 4.231, 4.138, 1.358]
285.09,[721.675, 857.574, 521.003, 663.921, 660.16, 537.431, 987.809, 754.947, 1083.42, 780.945, 149.814, 69.618, 75.261, 87.652, 149.235, 110.251, 139.882, 94.208, 49.262, 148.635, 95.783, 159.585, 95.874, 138.458, 112.036, 155.132, 155.231, 75.301, 16.261, 21.718, 4.129, 14.576, 14.301, 37.339, 19.761, 24.756, 28.417, 27.377, 2.344, 1.433, 2.544, 2.984, 1.986]
285.15,[793.697, 812.996, 493.4, 477.484, 689.517, 697.539, 871.195, 880.979, 815.613, 907.588, 240.939, 83.939, 98.536, 113.751, 139.361, 117.986, 176.372, 93.99, 70.355, 32.453, 124.972, 141.505, 97.061, 147.778, 38.662, 160.751, 166.396, 82.321, 17.513, 22.212, 7.867, 17.71, 29.79, 41.232, 7.253, 37.568, 30.613, 17.953, 3.232, 3.364, 2.805, 4.367, 1.497]
285.28,[760.915, 914.198, 544.909, 675.373, 640.472, 478.639, 964.973, 874.82, 811.781, 867.379, 180.617, 68.108, 56.019, 113.747, 118.388, 160.305, 165.896, 86.63, 57.031, 64.476, 134.599, 137.297, 97.959, 118.017, 103.417, 146.001, 122.583, 82.703, 21.022, 20.131, 6.708, 14.832, 32.684, 28.261, 28.184, 35.096, 13.213, 15.425, 3.261, 4.476, 2.786, 3.193, 2.257]
285.29,[807.446, 879.559, 525.73, 529.753, 624.388, 445.097, 939.872, 825.589, 738.602, 833.537, 172.273, 59.485, 77.452, 89.599, 167.606, 115.833, 165.183, 111.837, 56.278, 66.046, 121.864, 87.274, 103.455, 124.108, 100.093, 150.515, 128.973, 82.252, 21.223, 21.66, 7.838, 15.667, 35.182, 37.146, 21.976, 27.898, 19.441, 29.318, 2.931, 3.874, 1.609, 3.348, 0.915]
285.38,[777.234, 859.483, 514.278, 614.207, 634.662, 560.325, 965.15, 895.977, 994.429, 864.694, 167.663, 74.463, 120.648, 82.458, 164.593, 114.762, 105.025, 66.557, 64.002, 90.001, 143.48, 52.182, 105.924, 157.327, 91.578, 137.556, 148.634, 95.123, 15.534, 26.001, 17.566, 9.955, 41.101, 36.742, 26.865, 37.096, 23.6, 21.532, 2.215, 3.294, 3.477, 2.787, 3.282]
285.39,[768.721, 918.084, 487.717, 638.755, 628.373, 500.259, 997.233, 798.508, 856.436, 925.189, 178.472, 67.775, 72.151, 105.043, 141.731, 114.753, 165.288, 96.37, 55.037, 93.91, 131.097, 115.566, 101.55, 122.381, 92.431, 151.76, 147.867, 87.453, 15.566, 22.842, 6.369, 13.912, 32.689, 34.602, 27.437, 32.059, 23.094, 28.685, 2.568, 3.753, 2.034, 3.363, 0.848]
285.41,[773.727, 879.834, 504.218, 596.124, 629.009, 486.127, 964.365, 827.168, 840.684, 882.078, 173.712, 65.745, 70.804, 105.414, 140.062, 114.627, 167.409, 92.448, 48.208, 69.991, 125.371, 109.832, 109.874, 124.315, 90.85, 148.944, 134.348, 80.67, 16.938, 22.017, 5.412, 12.853, 34.109, 34.511, 26.173, 29.817, 24.336, 26.818, 2.523, 3.808, 1.674, 3.212, 1.064]
285.42,[749.591, 884.289, 476.352, 537.954, 612.311, 479.592, 1000.411, 857.755, 836.245, 853.394, 181.378, 63.271, 67.851, 107.579, 151.386, 105.002, 175.461, 99.588, 46.114, 81.555, 128.434, 101.518, 98.993, 134.77, 89.409, 146.906, 145.833, 86.869, 17.112, 19.99, 3.725, 14.949, 32.822, 35.111, 26.133, 31.181, 20.479, 30.876, 2.377, 3.507, 1.662, 3.396, 0.643]
285.43,[777.201, 902.25, 535.06, 717.823, 605.904, 525.333, 995.013, 866.894, 1100.799, 749.524, 206.335, 73.853, 63.685, 96.385, 129.535, 115.619, 142.388, 40.093, 60.253, 68.121, 150.311, 86.042, 114.919, 120.102, 59.166, 145.614, 142.405, 84.855, 17.096, 24.88, 5.596, 14.328, 33.173, 33.313, 22.714, 22.33, 33.619, 27.046, 2.897, 4.18, 2.125, 3.561, 2.661]
285.44,[783.737, 896.231, 502.676, 598.595, 613.277, 491.366, 978.101, 838.069, 817.134, 868.794, 175.565, 67.0, 71.053, 104.117, 142.308, 112.237, 166.463, 95.473, 56.122, 73.02, 125.32, 111.096, 105.729, 126.094, 89.163, 150.967, 140.892, 81.565, 16.66, 21.355, 5.539, 13.254, 32.947, 35.647, 26.303, 31.309, 23.399, 27.866, 2.449, 3.735, 1.814, 3.179, 1.026]
285.53,[778.034, 968.123, 511.301, 571.981, 705.121, 615.343, 1000.0, 821.17, 979.114, 849.635, 177.792, 79.023, 108.964, 105.61, 163.721, 109.11, 126.83, 81.444, 60.472, 54.84, 147.808, 120.846, 113.056, 143.005, 63.855, 162.306, 159.989, 87.841, 12.83, 20.7, 0.374, 16.021, 40.0, 32.707, 17.125, 36.106, 25.501, 25.906, 1.84, 3.325, 3.027, 2.763, 3.669]
285.55,[818.124, 496.598, 474.458, 620.902, 618.442, 573.726, 950.744, 574.229, 768.374, 870.442, 150.198, 48.807, 64.599, 112.427, 107.762, 118.558, 156.896, 112.531, 103.709, 110.097, 109.23, 107.449, 116.932, 100.594, 83.847, 158.489, 150.019, 76.555, 13.761, 13.839, 8.965, 15.228, 30.784, 20.512, 21.627, 26.944, 22.742, 26.346, 3.29, 3.107, 2.332, 3.301, 1.06]
285.63,[771.532, 932.799, 395.721, 642.118, 616.014, 531.433, 832.219, 724.808, 1076.437, 833.839, 183.193, 77.522, 112.345, 76.336, 166.073, 103.863, 118.332, 94.398, 83.514, 68.9, 182.646, 112.986, 145.948, 142.351, 94.158, 157.084, 159.553, 63.879, 26.35, 19.56, 3.094, 9.443, 31.553, 20.958, 23.69, 20.783, 31.135, 19.768, 2.508, 2.654, 3.117, 2.844, 0.578]
285.66,[778.241, 895.109, 508.726, 595.777, 616.561, 488.394, 965.979, 889.784, 817.099, 857.712, 168.139, 66.401, 69.979, 100.24, 147.342, 114.003, 167.443, 95.453, 48.323, 80.068, 126.217, 111.324, 106.959, 130.064, 89.015, 151.776, 140.015, 77.496, 16.806, 20.713, 5.021, 12.529, 31.764, 37.225, 26.87, 30.914, 22.969, 27.646, 2.493, 3.734, 1.944, 3.298, 1.066]
286.14,[772.054, 869.96, 616.607, 614.152, 770.285, 680.783, 933.278, 834.962, 972.101, 810.156, 172.148, 64.581, 87.268, 81.261, 222.197, 111.337, 139.613, 51.769, 40.812, 74.415, 124.863, 72.066, 129.213, 95.029, 49.332, 159.835, 159.491, 99.063, 13.134, 21.93, 7.425, 4.714, 37.421, 28.425, 15.748, 27.355, 19.302, 23.522, 3.179, 3.941, 1.87, 3.515, 4.851]
286.28,[786.635, 830.128, 485.684, 684.838, 578.479, 551.799, 908.322, 811.908, 976.134, 852.379, 166.353, 68.048, 86.769, 104.266, 167.142, 113.51, 143.653, 83.537, 57.844, 95.717, 126.754, 88.634, 114.91, 158.255, 73.312, 142.079, 144.235, 88.212, 8.197, 22.356, 9.694, 9.556, 37.131, 33.205, 27.5, 31.953, 22.855, 20.97, 2.524, 3.003, 1.753, 2.845, 1.597]
286.28,[635.449, 934.366, 489.843, 923.396, 624.547, 682.234, 872.654, 827.939, 873.523, 868.813, 182.854, 52.746, 123.799, 136.735, 168.893, 97.071, 137.828, 59.589, 58.536, 115.487, 128.659, 109.896, 74.104, 140.908, 81.765, 118.378, 160.705, 77.397, 15.605, 21.118, 5.675, 16.227, 35.766, 20.116, 30.278, 25.925, 19.786, 25.942, 5.648, 2.665, 2.911, 2.25, 3.0]
286.68,[814.934, 774.661, 481.167, 680.069, 598.93, 572.752, 912.039, 738.876, 1000.0, 788.858, 142.163, 74.564, 95.548, 90.147, 141.016, 49.114, 133.724, 93.321, 161.539, 155.348, 104.282, 117.909, 135.415, 108.15, 40.81, 171.511, 160.007, 61.153, 10.843, 20.164, 12.103, 16.203, 39.722, 37.09, 20.502, 4.715, 29.509, 26.121, 2.365, 1.708, 4.494, 2.131, 2.027]
286.89,[810.357, 910.489, 497.82, 570.548, 662.777, 535.39, 945.787, 629.207, 1000.0, 857.933, 164.764, 89.405, 98.935, 104.426, 141.408, 104.064, 126.674, 146.005, 95.025, 65.651, 145.337, 91.566, 87.686, 101.659, 76.377, 147.945, 159.412, 92.673, 12.925, 9.032, 8.197, 10.328, 40.0, 30.415, 20.734, 35.201, 25.691, 18.513, 1.235, 0.782, 2.08, 2.9, 4.868]
286.91,[814.736, 915.815, 512.281, 848.371, 645.736, 495.513, 1023.387, 803.931, 920.711, 863.165, 168.923, 82.314, 59.2, 134.895, 130.385, 109.861, 179.693, 78.63, 89.172, 122.574, 140.859, 129.775, 105.428, 130.923, 52.711, 156.103, 154.745, 80.25, 17.051, 22.008, 4.277, 14.599, 32.529, 27.923, 33.095, 28.407, 27.89, 22.239, 2.073, 3.488, 3.424, 2.891, 1.022]
287.00,[943.199, 596.645, 627.356, 836.098, 594.651, 766.383, 772.543, 497.688, 909.281, 882.485, 114.289, 90.748, 98.068, 121.37, 159.611, 130.042, 93.367, 118.642, 88.027, 80.495, 169.621, 105.108, 152.766, 128.766, 100.683, 153.948, 142.605, 74.256, 11.917, 22.212, 29.647, 17.417, 38.927, 25.367, 31.456, 36.003, 23.666, 8.504, 4.108, 0.62, 2.292, 3.257, 4.75]
287.20,[937.215, 1274.789, 526.71, 617.347, 907.121, 514.882, 1094.261, 698.213, 1010.422, 901.755, 154.583, 64.082, 52.756, 134.381, 80.195, 104.065, 178.475, 88.218, 58.588, 104.517, 129.064, 103.186, 118.297, 138.187, 68.156, 151.686, 185.882, 66.158, 15.61, 21.904, 2.718, 0.687, 26.743, 25.483, 17.849, 28.065, 26.895, 17.424, 3.144, 3.332, 2.669, 2.459, 1.225]
287.42,[855.35, 599.28, 590.387, 791.848, 726.201, 812.384, 927.911, 592.313, 1001.63, 852.933, 126.675, 73.975, 111.912, 126.155, 158.782, 55.928, 114.964, 112.178, 157.766, 122.56, 147.642, 112.908, 126.017, 114.468, 98.943, 150.44, 152.419, 81.324, 10.765, 23.054, 17.204, 12.87, 39.051, 27.093, 19.094, 33.288, 23.673, 20.123, 2.834, 1.476, 2.83, 4.301, 3.611]
287.46,[779.172, 929.178, 500.084, 558.544, 641.99, 521.387, 1021.32, 860.017, 917.324, 902.378, 171.046, 68.147, 91.896, 91.967, 149.55, 104.306, 146.437, 110.478, 67.398, 70.307, 144.389, 111.669, 101.788, 114.779, 109.04, 160.115, 156.563, 75.363, 16.218, 18.57, 4.783, 17.564, 35.138, 32.055, 24.191, 32.545, 22.695, 28.369, 2.026, 3.516, 3.753, 3.356, 1.8]
287.55,[808.528, 1020.293, 673.326, 672.069, 866.248, 335.7, 888.995, 698.894, 1016.726, 834.486, 158.693, 31.145, 79.703, 133.561, 162.228, 106.269, 134.19, 93.798, 21.571, 80.175, 141.293, 68.397, 131.327, 180.49, 55.507, 123.652, 142.626, 63.626, 7.199, 20.036, 3.98, 0.0, 26.392, 27.426, 19.616, 37.098, 14.385, 22.694, 3.075, 4.113, 1.566, 1.138, 0.997]
287.61,[820.296, 804.379, 480.133, 491.866, 688.864, 523.991, 951.609, 593.991, 1141.518, 860.083, 162.547, 69.043, 97.324, 83.051, 140.86, 87.995, 122.081, 57.788, 93.276, 161.262, 145.292, 93.587, 85.934, 144.519, 78.784, 174.055, 157.144, 114.427, 13.758, 25.296, 7.088, 11.621, 39.973, 21.118, 20.804, 21.183, 26.046, 26.629, 1.179, 4.093, 2.265, 2.395, 4.795]
288.08,[759.351, 671.59, 538.065, 586.291, 539.372, 619.057, 968.151, 821.559, 912.215, 821.381, 157.357, 83.277, 92.995, 116.411, 153.305, 127.553, 170.541, 85.629, 56.221, 90.45, 110.487, 63.595, 108.065, 159.983, 58.594, 140.918, 150.551, 84.325, 12.18, 24.01, 11.961, 9.116, 18.522, 26.277, 12.982, 23.947, 23.111, 14.482, 2.426, 3.011, 4.419, 3.229, 1.271]
288.12,[764.284, 1035.208, 545.226, 551.134, 722.515, 531.602, 1039.244, 879.416, 893.149, 880.102, 122.618, 60.6, 71.532, 129.783, 129.94, 98.79, 144.464, 80.414, 46.807, 66.746, 127.384, 141.189, 116.685, 105.406, 85.826, 132.518, 125.869, 66.85, 18.472, 16.743, 11.953, 19.823, 41.069, 32.89, 22.553, 33.793, 30.999, 33.68, 2.605, 3.742, 0.553, 3.119, 1.615]
288.12,[740.492, 831.002, 374.451, 611.783, 577.15, 513.332, 840.969, 836.811, 981.259, 880.833, 185.362, 63.738, 93.926, 75.984, 191.945, 93.539, 129.826, 76.574, 58.027, 83.676, 112.647, 55.718, 101.833, 162.123, 54.079, 151.59, 177.889, 106.597, 11.32, 23.646, 9.876, 11.955, 24.228, 38.13, 12.994, 35.218, 26.806, 23.068, 1.51, 2.99, 1.607, 3.004, 0.716]
288.21,[714.813, 881.969, 565.429, 539.013, 463.467, 515.763, 945.48, 917.466, 840.457, 778.423, 166.189, 64.074, 72.205, 121.56, 99.889, 86.487, 146.79, 110.961, 78.58, 51.995, 125.829, 115.475, 98.91, 106.818, 82.458, 186.03, 105.489, 83.351, 20.262, 19.594, 13.605, 14.681, 29.545, 34.4, 22.837, 31.491, 22.572, 28.053, 2.375, 3.729, 2.447, 3.576, 1.001]
288.21,[810.624, 1053.754, 438.175, 660.604, 916.697, 506.565, 992.67, 725.014, 1018.709, 827.287, 164.225, 65.418, 65.224, 132.858, 109.358, 112.287, 186.18, 82.497, 70.946, 98.88, 141.136, 125.666, 120.923, 143.775, 54.995, 142.122, 152.07, 75.469, 14.518, 21.71, 4.602, 6.794, 26.237, 27.468, 16.282, 35.496, 27.679, 23.006, 3.022, 3.576, 2.733, 1.519, 1.002]
288.52,[848.688, 890.515, 461.892, 630.562, 651.724, 625.569, 908.319, 779.629, 907.399, 781.291, 136.59, 78.108, 77.041, 82.188, 144.976, 132.512, 186.851, 59.235, 70.444, 91.177, 206.032, 71.349, 123.588, 70.777, 100.373, 136.831, 160.379, 63.639, 1.777, 19.366, 15.367, 8.252, 31.952, 31.827, 12.389, 30.052, 21.199, 27.748, 2.642, 1.96, 1.685, 2.463, 0.582]
288.71,[840.722, 668.794, 422.791, 826.452, 749.452, 892.341, 969.48, 621.174, 1000.0, 842.718, 104.293, 73.068, 116.101, 121.983, 157.081, 82.268, 111.01, 123.206, 167.123, 132.947, 159.498, 120.788, 122.995, 110.831, 95.927, 146.5, 152.732, 79.715, 13.249, 24.054, 17.494, 12.541, 36.574, 25.45, 19.819, 31.862, 22.735, 14.345, 2.295, 1.194, 2.44, 3.005, 2.895]
288.73,[793.779, 861.717, 441.746, 615.692, 603.403, 465.481, 910.532, 868.964, 1013.127, 843.957, 175.701, 67.582, 68.187, 102.581, 137.247, 115.006, 150.006, 83.959, 52.415, 92.516, 125.876, 105.864, 108.454, 170.816, 75.426, 140.276, 141.171, 72.969, 7.213, 20.875, 6.771, 10.706, 33.187, 36.302, 28.263, 30.912, 24.632, 17.42, 2.222, 3.56, 2.032, 2.576, 0.841]
289.04,[774.781, 874.371, 528.076, 679.928, 616.942, 509.4, 986.098, 837.911, 880.782, 852.651, 179.905, 66.696, 68.532, 102.295, 133.784, 144.8, 161.81, 69.382, 55.59, 64.066, 131.906, 113.41, 106.197, 133.911, 90.872, 144.824, 136.961, 85.042, 17.288, 22.053, 6.817, 13.891, 33.187, 31.282, 23.377, 33.079, 17.194, 18.676, 2.859, 4.236, 2.423, 3.22, 2.144]
289.13,[772.871, 721.809, 434.281, 763.887, 499.887, 657.685, 1022.236, 786.617, 1065.988, 861.598, 86.944, 75.574, 93.723, 104.184, 169.842, 79.209, 183.779, 70.438, 36.611, 107.455, 117.027, 31.798, 83.172, 160.317, 30.036, 148.577, 167.664, 69.504, 11.126, 26.322, 11.374, 9.055, 23.729, 23.824, 3.995, 31.246, 24.611, 19.334, 2.532, 4.016, 0.0, 1.383, 1.189]
289.46,[867.346, 643.933, 595.629, 808.564, 583.197, 593.985, 790.038, 679.968, 960.348, 906.135, 108.098, 73.344, 93.154, 105.601, 161.208, 104.918, 108.734, 119.686, 83.489, 131.862, 150.321, 100.814, 141.821, 59.73, 90.209, 136.182, 150.961, 92.347, 11.647, 19.589, 24.938, 13.367, 38.392, 38.381, 28.857, 26.738, 24.104, 2.929, 3.724, 2.267, 1.979, 2.743, 4.021]
289.76,[763.218, 859.483, 431.274, 614.207, 540.834, 560.325, 913.432, 895.977, 998.938, 864.694, 175.853, 74.463, 89.418, 82.458, 181.936, 114.762, 141.049, 66.557, 65.969, 90.001, 119.807, 52.182, 108.242, 157.327, 49.905, 137.556, 177.737, 95.123, 8.637, 26.001, 5.887, 9.955, 25.008, 36.742, 17.146, 37.096, 25.29, 21.532, 1.724, 3.294, 1.646, 2.787, 0.66]
290.41,[789.691, 948.934, 383.224, 662.976, 682.902, 580.365, 907.59, 957.544, 725.234, 930.909, 169.229, 60.041, 129.077, 126.91, 129.114, 174.838, 164.652, 66.449, 49.179, 67.236, 106.35, 123.173, 93.611, 87.29, 90.549, 150.577, 108.599, 97.169, 20.752, 30.859, 1.815, 8.872, 35.376, 29.652, 25.512, 43.884, 16.378, 17.96, 3.152, 4.609, 2.724, 3.673, 3.062]
290.90,[875.681, 713.14, 472.749, 673.034, 612.204, 635.864, 843.094, 889.101, 865.933, 822.788, 158.981, 75.096, 86.903, 99.7, 150.527, 124.319, 164.682, 79.592, 58.246, 101.906, 129.643, 110.33, 125.515, 154.178, 62.911, 143.844, 153.576, 87.75, 12.83, 22.009, 11.606, 6.804, 36.069, 34.534, 27.449, 30.626, 15.615, 22.238, 3.006, 3.883, 1.807, 2.988, 1.42]
290.93,[719.718, 523.512, 575.117, 762.197, 571.855, 551.796, 982.298, 741.337, 1085.68, 979.343, 127.266, 60.197, 130.827, 83.534, 203.258, 145.727, 125.862, 95.346, 41.962, 29.442, 142.895, 82.509, 94.538, 139.153, 115.934, 180.378, 155.568, 59.741, 17.516, 17.8, 24.306, 11.113, 32.363, 30.535, 30.096, 18.826, 29.011, 11.481, 3.198, 2.033, 2.406, 2.884, 2.547]
291.46,[794.462, 857.999, 497.072, 648.536, 613.266, 513.148, 970.556, 834.947, 874.73, 832.764, 169.39, 69.055, 69.197, 101.017, 148.031, 106.301, 156.663, 78.516, 60.458, 80.176, 129.663, 100.565, 110.928, 145.373, 79.172, 149.686, 151.103, 87.664, 15.176, 21.391, 10.266, 10.139, 35.462, 34.305, 26.383, 28.443, 24.917, 27.434, 2.497, 3.489, 1.807, 2.822, 1.42]
291.80,[844.663, 692.913, 592.046, 741.719, 631.737, 711.96, 867.35, 633.555, 915.527, 844.098, 111.632, 77.591, 86.798, 109.021, 160.16, 128.101, 107.135, 86.805, 107.494, 81.168, 148.531, 104.351, 152.905, 141.495, 85.717, 139.442, 143.372, 80.113, 14.575, 24.925, 28.901, 19.423, 36.315, 23.793, 29.199, 33.813, 27.113, 16.959, 3.402, 1.895, 2.678, 3.16, 3.521]
292.01,[850.111, 608.546, 499.984, 562.536, 532.502, 624.668, 843.779, 816.267, 976.088, 719.097, 113.821, 69.071, 88.927, 109.668, 103.996, 56.72, 111.64, 98.018, 120.962, 140.399, 187.364, 118.245, 141.516, 170.954, 65.846, 140.441, 184.193, 111.144, 29.812, 20.246, 37.54, 7.01, 39.293, 29.502, 38.255, 12.938, 37.052, 29.507, 2.842, 1.689, 4.375, 2.173, 5.0]
292.13,[996.788, 825.762, 564.883, 711.878, 780.628, 567.813, 940.583, 680.921, 373.636, 814.937, 177.7, 65.871, 119.399, 137.553, 95.19, 121.014, 133.937, 102.609, 106.476, 28.651, 120.978, 34.579, 143.744, 169.789, 56.434, 122.682, 157.171, 100.766, 8.82, 27.687, 13.471, 13.838, 36.347, 42.329, 24.489, 23.892, 29.691, 41.195, 3.214, 4.324, 2.83, 3.372, 2.166]
292.22,[724.222, 850.197, 367.116, 512.284, 509.445, 602.371, 901.069, 946.014, 1024.2, 862.824, 182.048, 75.304, 98.479, 70.46, 191.454, 111.412, 133.425, 69.223, 75.837, 92.182, 121.076, 43.973, 104.905, 152.36, 42.732, 137.087, 189.639, 99.22, 9.559, 27.836, 5.473, 12.894, 22.474, 42.574, 16.956, 38.437, 29.574, 18.299, 1.294, 3.547, 1.898, 3.092, 0.804]
292.30,[894.085, 554.255, 475.481, 582.988, 596.064, 815.496, 937.93, 848.646, 806.439, 816.033, 111.171, 90.414, 80.708, 75.239, 163.969, 92.491, 175.444, 31.628, 138.505, 43.319, 134.715, 134.208, 151.633, 200.0, 87.113, 143.764, 177.613, 84.86, 22.424, 27.647, 7.43, 20.087, 36.293, 39.085, 11.566, 16.515, 16.093, 23.628, 2.424, 2.98, 2.959, 3.425, 2.419]
292.34,[772.774, 922.955, 520.612, 553.592, 610.771, 556.643, 958.508, 860.691, 837.195, 898.763, 176.554, 70.371, 58.561, 89.377, 126.708, 106.367, 168.889, 111.869, 52.784, 76.232, 128.346, 114.007, 103.64, 108.269, 97.877, 160.897, 130.918, 78.966, 17.856, 18.178, 6.353, 16.961, 33.546, 32.888, 25.535, 30.976, 14.419, 27.667, 3.001, 3.585, 2.363, 3.196, 1.966]
292.54,[905.6, 806.26, 654.095, 561.943, 620.479, 464.386, 860.548, 613.5, 971.476, 870.035, 171.656, 93.531, 72.788, 124.075, 123.915, 114.008, 143.556, 126.882, 115.634, 169.84, 152.815, 106.849, 158.954, 137.55, 90.408, 158.905, 150.318, 116.921, 11.708, 24.716, 17.817, 9.436, 39.561, 24.247, 33.152, 42.476, 24.536, 12.941, 4.408, 0.812, 2.638, 3.017, 4.833]
293.09,[974.321, 880.91, 862.523, 790.219, 667.338, 550.61, 909.064, 738.847, 530.354, 814.232, 127.386, 65.795, 74.344, 116.719, 128.564, 158.472, 118.098, 82.937, 123.901, 51.316, 121.06, 154.904, 147.576, 104.954, 70.21, 181.179, 139.042, 53.241, 7.361, 30.224, 24.614, 11.0, 36.815, 40.501, 28.596, 36.771, 32.08, 4.2, 3.225, 5.215, 2.765, 2.26, 2.657]
293.52,[783.438, 897.015, 504.971, 628.842, 612.442, 493.778, 977.424, 837.654, 829.911, 867.954, 173.373, 68.372, 73.616, 103.2, 141.342, 114.048, 165.284, 101.274, 58.988, 87.515, 128.088, 112.831, 104.613, 127.8, 97.942, 150.027, 142.993, 81.306, 16.743, 21.441, 6.008, 13.513, 32.971, 33.472, 26.674, 30.784, 22.784, 28.16, 2.392, 3.727, 2.272, 3.182, 0.985]
293.55,[730.857, 937.687, 458.667, 626.536, 560.496, 541.386, 807.754, 828.766, 914.426, 847.219, 188.357, 63.654, 90.045, 83.586, 170.526, 114.627, 130.705, 36.822, 58.357, 74.218, 118.945, 52.15, 110.471, 163.646, 50.201, 150.683, 182.093, 108.855, 10.438, 23.348, 8.465, 10.4, 29.15, 34.141, 13.408, 30.382, 27.858, 23.928, 1.509, 3.773, 1.206, 3.258, 0.722]
293.80,[993.157, 870.503, 495.925, 645.677, 521.147, 518.855, 936.174, 677.599, 338.251, 789.886, 189.552, 64.589, 81.124, 87.897, 97.887, 110.743, 143.897, 83.722, 129.149, 84.484, 122.967, 143.977, 88.124, 84.001, 72.806, 148.535, 180.845, 35.183, 8.395, 23.612, 32.138, 8.638, 37.688, 36.254, 28.387, 37.48, 32.399, 1.091, 1.555, 4.713, 1.007, 2.187, 3.196]
293.80,[862.123, 804.379, 519.585, 491.866, 619.221, 523.991, 882.114, 593.991, 999.924, 860.083, 149.695, 69.043, 62.274, 83.051, 107.584, 87.995, 209.393, 57.788, 129.284, 161.262, 45.412, 93.587, 112.618, 144.519, 79.735, 174.055, 179.328, 114.427, 22.207, 25.296, 9.697, 11.621, 39.637, 21.118, 37.608, 21.183, 14.024, 26.629, 3.211, 4.093, 2.833, 2.395, 2.947]
294.70,[764.976, 881.276, 526.451, 664.631, 607.669, 488.085, 961.627, 864.037, 847.587, 874.733, 176.52, 63.904, 60.207, 103.415, 131.702, 154.899, 168.878, 77.315, 54.551, 66.503, 127.36, 122.736, 103.893, 127.531, 91.983, 145.525, 129.854, 82.549, 16.703, 21.285, 5.56, 13.247, 32.836, 30.291, 24.856, 34.864, 14.654, 16.704, 2.872, 4.304, 2.439, 3.132, 1.904]
294.90,[768.785, 850.567, 515.283, 700.91, 479.887, 603.54, 934.28, 846.02, 942.262, 883.778, 131.388, 66.333, 76.354, 97.277, 191.517, 109.728, 141.374, 98.063, 60.503, 71.614, 127.951, 87.038, 79.892, 200.0, 105.286, 149.847, 143.211, 82.71, 14.565, 19.434, 13.687, 7.432, 27.402, 27.705, 7.843, 32.272, 26.976, 28.129, 2.008, 3.568, 0.727, 3.326, 1.418]
294.94,[839.485, 702.229, 533.809, 667.661, 476.104, 524.174, 798.442, 773.917, 803.075, 848.208, 168.03, 66.764, 68.06, 101.005, 139.49, 95.832, 142.64, 139.235, 68.009, 115.673, 127.15, 129.169, 118.786, 146.39, 102.192, 162.384, 142.695, 60.028, 10.804, 16.916, 23.555, 9.322, 29.816, 35.352, 24.343, 29.565, 30.002, 19.447, 3.288, 2.447, 1.147, 3.824, 2.177]
295.14,[743.727, 915.832, 498.801, 662.993, 818.513, 582.086, 976.718, 753.06, 683.686, 853.698, 142.943, 53.882, 77.997, 149.59, 124.781, 67.495, 85.05, 140.944, 100.191, 90.591, 200.0, 59.562, 95.882, 61.6, 110.442, 146.87, 155.537, 162.241, 9.847, 9.187, 23.193, 7.161, 38.145, 28.253, 27.371, 26.186, 25.712, 3.377, 0.585, 0.845, 1.805, 2.867, 0.721]
295.14,[756.01, 877.526, 520.585, 525.515, 642.628, 538.855, 983.842, 932.205, 845.057, 922.552, 167.161, 65.487, 71.564, 91.91, 123.564, 103.633, 174.746, 124.28, 47.852, 88.979, 124.09, 100.626, 108.813, 90.461, 86.135, 162.017, 124.413, 77.424, 11.011, 16.198, 11.412, 11.94, 33.019, 37.97, 21.785, 29.924, 24.183, 28.171, 2.519, 3.698, 0.796, 3.349, 1.042]
295.95,[889.132, 500.492, 614.148, 732.132, 637.782, 875.311, 542.202, 639.43, 1046.556, 840.918, 86.811, 80.4, 72.273, 138.604, 166.667, 165.006, 122.774, 119.718, 86.503, 51.517, 133.839, 137.4, 154.404, 138.555, 113.84, 146.4, 156.412, 124.93, 9.22, 22.012, 27.241, 16.302, 39.563, 21.726, 32.079, 36.944, 22.827, 17.452, 3.887, 1.834, 1.679, 3.014, 4.499]
295.97,[752.681, 886.859, 458.723, 832.587, 657.569, 423.343, 1000.0, 882.685, 976.673, 847.839, 182.65, 66.148, 65.666, 96.286, 191.759, 130.905, 162.054, 23.842, 20.0, 56.814, 99.166, 63.668, 100.418, 185.674, 61.56, 145.547, 150.051, 91.059, 0.16, 23.143, 3.996, 6.337, 39.513, 33.473, 17.182, 33.643, 21.777, 25.721, 2.125, 3.796, 0.0, 2.34, 0.28]
296.02,[798.254, 878.943, 519.713, 554.289, 628.049, 464.704, 947.499, 825.637, 747.883, 841.527, 172.426, 59.603, 78.15, 90.1, 167.064, 114.242, 165.249, 113.092, 52.862, 64.444, 124.019, 91.434, 105.194, 122.442, 102.364, 152.138, 130.03, 80.936, 21.011, 20.854, 7.005, 15.146, 35.11, 37.588, 21.169, 27.559, 19.333, 30.061, 2.885, 3.837, 1.609, 3.462, 0.973]
296.08,[807.421, 904.53, 515.481, 606.614, 620.37, 505.179, 983.524, 849.345, 864.624, 864.717, 179.126, 67.915, 102.05, 102.224, 140.664, 94.672, 138.707, 80.271, 53.703, 77.364, 123.815, 116.123, 95.335, 122.421, 86.703, 162.54, 122.161, 84.395, 19.155, 24.6, 5.457, 12.686, 33.185, 30.778, 25.508, 30.745, 12.689, 33.678, 2.837, 3.632, 1.922, 3.116, 1.318]
296.12,[755.138, 871.524, 441.647, 632.206, 564.315, 528.124, 919.085, 864.625, 992.199, 843.533, 177.405, 65.731, 87.976, 101.632, 174.293, 109.139, 146.788, 85.107, 53.131, 93.891, 125.575, 95.292, 108.896, 158.701, 75.835, 142.397, 140.504, 89.985, 7.73, 21.984, 6.406, 10.96, 38.632, 36.483, 30.161, 32.078, 25.227, 20.171, 2.311, 3.354, 1.729, 2.737, 1.706]
296.35,[838.083, 884.324, 495.316, 647.787, 643.9, 459.759, 863.195, 871.281, 958.758, 892.461, 186.483, 69.229, 99.327, 106.874, 196.827, 149.679, 94.889, 79.996, 79.065, 60.109, 80.85, 128.466, 150.63, 132.779, 54.803, 140.242, 162.267, 84.264, 5.536, 21.889, 19.356, 14.71, 34.051, 30.129, 28.876, 33.519, 32.377, 16.459, 2.665, 4.334, 3.094, 2.992, 2.059]
296.39,[740.694, 890.122, 465.651, 607.954, 547.725, 517.196, 964.939, 856.085, 1000.0, 874.576, 169.457, 81.609, 85.963, 89.689, 167.08, 110.516, 149.418, 59.815, 57.791, 92.192, 121.417, 70.121, 115.056, 155.824, 75.924, 147.592, 183.687, 95.653, 7.105, 25.109, 8.73, 12.011, 33.856, 34.441, 18.302, 27.526, 24.317, 26.585, 1.909, 3.383, 1.673, 2.153, 1.523]
296.59,[813.935, 771.056, 478.955, 679.288, 600.233, 576.769, 913.471, 738.466, 1014.716, 788.009, 142.193, 74.357, 95.686, 90.292, 141.077, 49.452, 133.798, 93.295, 161.778, 155.216, 104.105, 117.361, 135.451, 108.224, 40.744, 171.666, 159.934, 61.347, 10.837, 20.292, 12.08, 16.273, 39.695, 37.03, 20.537, 4.675, 29.357, 26.054, 2.366, 1.698, 4.489, 2.13, 2.031]
296.95,[679.858, 876.816, 580.125, 497.121, 1000.0, 554.959, 842.955, 635.246, 896.952, 889.809, 137.174, 25.442, 200.0, 72.221, 141.39, 118.664, 121.093, 120.009, 122.054, 106.451, 100.73, 75.036, 180.986, 154.408, 97.13, 128.913, 169.704, 85.345, 15.702, 19.261, 40.0, 30.591, 32.436, 10.422, 20.524, 40.0, 34.709, 12.726, 4.051, 3.582, 3.734, 4.695, 1.603]
297.00,[701.192, 954.008, 490.579, 852.171, 705.276, 569.432, 862.929, 888.87, 888.992, 873.417, 146.891, 58.891, 72.884, 132.071, 102.798, 96.198, 221.023, 70.811, 87.954, 137.337, 125.974, 138.53, 83.474, 127.881, 69.236, 163.035, 176.564, 102.687, 16.355, 21.587, 5.356, 12.752, 35.074, 21.171, 29.264, 31.664, 24.702, 21.285, 1.676, 3.971, 3.123, 2.759, 0.754]
297.00,[796.611, 795.986, 523.834, 656.911, 560.011, 716.697, 836.347, 720.813, 839.715, 804.561, 179.668, 75.097, 113.23, 67.506, 166.105, 111.44, 119.34, 71.122, 55.977, 102.271, 138.909, 112.934, 154.842, 140.329, 95.855, 132.197, 153.231, 72.604, 22.273, 23.22, 2.43, 5.794, 30.365, 22.013, 24.505, 21.029, 18.36, 19.557, 4.762, 2.191, 3.073, 1.471, 3.49]
297.20,[812.474, 949.256, 492.383, 714.486, 577.249, 496.487, 971.33, 836.185, 832.175, 845.96, 162.754, 66.001, 87.453, 112.035, 110.468, 108.436, 163.269, 114.37, 61.461, 116.715, 126.968, 117.876, 111.647, 118.299, 81.069, 162.779, 134.916, 77.311, 13.728, 21.887, 15.886, 14.859, 34.649, 38.247, 24.392, 32.025, 20.473, 28.768, 2.283, 3.933, 1.441, 3.227, 1.389]
298.11,[914.449, 865.365, 812.615, 1023.358, 704.279, 333.35, 1039.877, 779.38, 623.687, 822.306, 124.302, 86.258, 61.408, 131.187, 125.064, 203.871, 153.511, 84.46, 105.714, 40.182, 131.007, 173.288, 157.179, 82.066, 57.406, 196.909, 154.146, 50.869, 6.441, 28.386, 24.871, 10.217, 35.989, 42.682, 16.324, 34.217, 34.981, 8.531, 3.153, 5.007, 3.18, 2.39, 2.727]
298.17,[742.201, 831.05, 384.36, 628.27, 549.275, 344.617, 827.565, 855.185, 1018.704, 877.735, 183.409, 56.672, 77.25, 100.937, 154.779, 121.11, 168.802, 90.466, 36.839, 79.436, 107.694, 79.441, 102.044, 185.765, 71.681, 163.253, 175.882, 79.928, 12.116, 23.329, 8.918, 10.606, 39.772, 42.343, 6.244, 34.535, 28.461, 24.078, 1.745, 5.058, 1.427, 2.876, 0.154]
298.33,[807.864, 847.815, 764.056, 691.9, 450.833, 522.585, 937.9, 773.201, 996.808, 763.779, 132.638, 61.501, 56.683, 77.107, 184.985, 120.706, 111.738, 47.481, 31.243, 52.963, 124.114, 57.331, 103.984, 196.237, 61.906, 148.23, 171.469, 103.182, 4.044, 23.145, 21.22, 3.432, 35.979, 21.811, 12.898, 29.98, 25.934, 12.104, 3.253, 3.397, 0.097, 3.936, 0.834]
298.40,[768.728, 938.694, 492.969, 622.896, 752.802, 546.701, 1000.0, 817.616, 942.382, 845.955, 171.673, 71.695, 56.406, 146.407, 108.361, 108.135, 176.197, 70.562, 66.074, 102.451, 136.003, 136.939, 112.242, 144.392, 55.95, 145.67, 168.176, 82.153, 8.187, 22.092, 5.317, 10.195, 28.512, 29.842, 28.465, 37.888, 28.071, 22.087, 2.231, 3.462, 2.459, 2.245, 0.84]
298.70,[782.227, 913.129, 500.546, 576.673, 592.719, 470.697, 962.722, 914.338, 839.236, 897.955, 174.644, 65.864, 69.608, 105.064, 155.406, 117.08, 174.472, 88.536, 39.557, 80.784, 121.665, 75.197, 106.008, 126.33, 84.678, 148.323, 137.865, 77.805, 18.311, 22.632, 1.678, 10.124, 31.265, 40.032, 27.943, 28.844, 21.721, 25.375, 2.739, 3.879, 1.648, 3.49, 0.733]
299.00,[811.451, 796.701, 449.168, 485.423, 608.246, 524.549, 1000.0, 815.743, 836.634, 919.694, 165.261, 51.162, 83.433, 73.642, 109.966, 105.576, 162.237, 115.449, 44.406, 93.117, 107.409, 93.405, 112.616, 83.685, 86.499, 163.522, 135.593, 84.532, 6.955, 15.267, 12.546, 6.579, 32.903, 34.886, 20.072, 25.468, 24.487, 25.89, 3.298, 3.42, 0.538, 3.171, 0.923]
299.23,[775.589, 846.424, 518.864, 541.444, 609.07, 534.886, 955.912, 884.276, 857.444, 876.342, 164.987, 68.17, 78.009, 99.338, 131.738, 113.203, 152.757, 111.064, 56.703, 87.329, 122.53, 101.915, 113.566, 119.243, 81.962, 155.933, 143.327, 74.479, 14.375, 18.971, 8.636, 10.611, 31.676, 35.153, 26.911, 27.578, 24.546, 27.708, 2.558, 3.322, 1.213, 3.06, 1.51]
299.30,[847.007, 690.03, 600.451, 738.363, 604.385, 700.004, 833.426, 614.7, 922.244, 841.986, 110.915, 80.015, 93.569, 105.082, 154.577, 129.354, 107.228, 91.469, 101.153, 76.219, 151.943, 106.574, 149.878, 145.969, 84.237, 142.895, 139.719, 83.714, 13.809, 24.364, 26.77, 19.041, 35.999, 25.402, 29.161, 32.943, 27.256, 17.208, 3.632, 1.739, 2.593, 3.295, 3.501]
299.36,[774.808, 856.613, 753.68, 635.522, 516.706, 547.337, 950.156, 813.728, 972.14, 806.878, 125.24, 54.582, 67.476, 81.517, 198.123, 118.468, 117.963, 44.598, 33.338, 56.617, 117.768, 67.077, 114.054, 192.13, 70.898, 144.607, 169.708, 99.353, 5.397, 23.014, 22.123, 6.629, 35.925, 22.986, 14.143, 29.482, 23.248, 12.419, 2.898, 3.451, 0.178, 3.539, 0.715]
299.64,[791.271, 917.176, 531.952, 792.203, 636.589, 494.014, 972.13, 777.522, 993.803, 819.485, 172.864, 93.217, 67.912, 121.632, 195.059, 121.758, 159.059, 34.781, 35.115, 62.466, 117.168, 79.953, 116.629, 183.558, 72.449, 139.315, 164.359, 91.572, 1.445, 23.517, 5.999, 7.923, 39.8, 32.639, 19.517, 33.672, 18.214, 26.412, 2.317, 3.322, 0.321, 2.827, 0.831]
299.70,[786.579, 1029.926, 659.47, 446.385, 725.785, 266.756, 924.648, 879.712, 923.028, 870.071, 167.025, 65.681, 61.709, 114.755, 217.593, 131.639, 161.824, 96.261, 96.205, 45.043, 133.971, 125.926, 224.23, 166.425, 88.006, 213.067, 168.674, 65.049, 19.73, 18.225, 6.288, 0.323, 41.407, 25.513, 20.659, 38.761, 22.935, 27.892, 2.403, 4.723, 2.681, 4.009, 0.088]

   49.1183	:   83.2935
   89.2530	:  114.8463
  138.5948	:  157.2401
  215.5588	:  174.2610
  236.5575	:  218.2158
  299.3079	:  253.5661
  385.1796	:  309.5499
  432.9780	:  367.7531
  602.0110	:  419.5727
  650.9120	:  529.2403
  677.3405	:  597.3278
  708.4949	:  619.3415
  809.8613	:  661.4955
  817.6604	:  763.2958
  948.0020	:  794.0215
  959.2153	:  816.9148
  986.0175	:  888.7377
 1054.8419	: 1018.5396
 1068.9255	: 1054.4949
 1129.4214	: 1080.5558
 1136.9720	: 1086.5232
 1149.0999	: 1123.7394
 1173.0049	: 1140.0331
 1188.2552	: 1182.2155
 1216.6553	: 1206.2152
 1308.8184	: 1283.8911
 1351.1524	: 1335.1981
 1394.0124	: 1361.3809
 1428.0486	: 1366.5166
 1456.2785	: 1391.2773
 1474.8925	: 1411.6944
 1498.0302	: 1462.2283
 1510.5789	: 1526.3101
 1513.7010	: 1565.7157
 1520.4003	: 1572.5798
 1523.4449	: 1625.6167
 1540.7935	: 1650.2032
 1546.4703	: 1788.4206
 1679.7897	: 1850.0027
 1686.5995	: 2273.0446
 3060.8465	: 2910.4048
 3093.2076	: 3019.2289
 3109.6574	: 3048.8904
 3136.8593	: 3124.6096
 3149.3946	: 3142.3141
 3168.6501	: 3165.7142
 3191.8107	: 3168.0680
 3200.4105	: 3170.7812
 3298.1011	: 3260.2867
 3299.0433	: 3263.3830
 3319.1798	: 4975.6481

    1.6958
    1.2868
    1.1345
    0.8084
    0.9225
    0.8472
    0.8037
    0.8494
    0.6970
    0.8131
    0.8819
    0.8742
    0.8168
    0.9335
    0.8376
    0.8516
    0.9013
    0.9656
    0.9865
    0.9567
    0.9556
    0.9779
    0.9719
    0.9949
    0.9914
    0.9810
    0.9882
    0.9766
    0.9569
    0.9554
    0.9572
    0.9761
    1.0104
    1.0344
    1.0343
    1.0671
    1.0710
    1.1565
    1.1013
    1.3477
    0.9508
    0.9761
    0.9805
    0.9961
    0.9978
    0.9991
    0.9926
    0.9907
    0.9885
    0.9892
    1.4991

set im21b1 769.75
set im21b2 823.02
set im21b3 613.33
set im21b4 603.15
set im21b5 765.52
set im21b6 657.87
set im21b7 1079.95
set im21b8 662.20
set im21b9 856.67
set im21b10 814.96
set im21a1 185.87
set im21a2 64.68
set im21a3 111.07
set im21a4 69.98
set im21a5 83.65
set im21a6 106.86
set im21a7 129.10
set im21a8 96.60
set im21a9 71.84
set im21a10 129.21
set im21a11 126.80
set im21a12 69.13
set im21a13 127.49
set im21a14 152.14
set im21a15 55.32
set im21a16 133.31
set im21a17 153.79
set im21a18 86.82
set im21d1 12.05
set im21d2 22.93
set im21d3 10.12
set im21d4 4.38
set im21d5 36.49
set im21d6 26.11
set im21d7 15.25
set im21d8 24.52
set im21d9 16.87
set im21d10 32.44
set im21i1 3.26
set im21i2 3.91
set im21i3 2.23
set im21i4 3.26
set im21i5 4.90
