Generation: 1838 (runtime: 112336 seconds)
22.39063590039574,[316.1936972561383,48.05972573303592,581.3014935821648,33.7120445917672,74.9671252798546,18.937869910873356,21.984083831531272,0.15972557874148846,75.21865148376058]
22.392756550860586,[316.19505112523154,48.26205348144303,580.932056912704,33.7004670737208,74.86333473804977,19.066753646478677,21.9649325912158,0.1588770772414005,75.17140834069248]
22.393044249266136,[316.17552403380716,48.2832640849782,580.9039468912265,33.698083306484826,74.8605637311218,19.05113056202703,21.968201322761875,0.1579705961700028,75.27259689765036]
22.393044249266136,[316.17552403380716,48.2832640849782,580.9039468912265,33.698083306484826,74.8605637311218,19.05113056202703,21.968201322761875,0.1579705961700028,75.27259689765036]
22.393343786899297,[316.1766219102474,48.32265209304161,580.9070956575507,33.69878733978051,74.85106948354506,19.05755406217984,21.96687060650776,0.15763024479706722,75.27785029685369]
22.393397730285898,[316.1786849903653,48.31992013348301,580.8336022094825,33.696454863936346,74.8542219373946,19.08845419140663,21.969303173385146,0.15857316350428488,75.31332276999102]
22.39344260026229,[316.19505112523154,48.26205348144303,580.932056912704,33.7004670737208,74.86333473804977,19.066753646478677,21.96629031562034,0.15596795360861637,75.39017339898001]
22.39345545097184,[316.1797293004541,48.23596233339621,580.8350460377604,33.69340975755996,74.8355643900135,19.034643519922355,21.961811901058233,0.15888436220103205,75.39294955282918]
22.393522491256558,[316.1771896213921,48.30929116286807,580.9064488181216,33.69859370855962,74.85708099832459,19.054265343469204,21.966903754350806,0.15868376637793347,75.31086951653253]
22.393556180385062,[316.1761005559309,48.459275403370484,580.8453601352534,33.69717309452224,74.8561558979469,19.069125674719217,21.976873864107443,0.16182951412061253,75.40289891325835]
22.393560737206798,[316.18115306075146,48.38863197197584,580.9075994884986,33.70027248687838,74.8424585225119,19.066955312429403,21.96559193738571,0.15844721057008482,75.41817691036249]
22.393575089724788,[316.1627737247394,48.32937766181621,580.8349595402597,33.69512398034663,74.84854767050368,19.067265741955744,21.971889768624948,0.15979570206701862,75.40098761792065]
22.3936010235209,[316.18383467834485,48.2879730747852,580.9117295845593,33.69906536848649,74.85974601710174,19.05056175177294,21.965531684887818,0.15643996759251882,75.41139212071951]
22.393679227026972,[316.1546155616901,48.459275403370484,580.8453601352534,33.69717309452224,74.8561558979469,19.069125674719217,21.976873864107443,0.16182951412061253,75.40289891325835]
22.393689355986627,[316.17552403380716,48.2832640849782,580.9039468912265,33.698083306484826,74.8605637311218,19.05113056202703,21.968201322761875,0.1556204164397572,75.34237578189645]
22.393742683227142,[316.15849012483903,48.45272740066606,580.853732016222,33.698231680558216,74.85630570813072,19.07746418795631,21.97478243500318,0.1585942420248991,75.40795711428741]
22.39379520069965,[316.15685555955207,48.2832640849782,580.9039468912265,33.698083306484826,74.8605637311218,19.05113056202703,21.968201322761875,0.1556204164397572,75.34237578189645]
22.39387022834486,[316.1546155616901,48.459275403370484,580.8453601352534,33.69717309452224,74.8561558979469,19.069125674719217,21.976873864107443,0.15574770499081816,75.35906224348236]
22.39387022834486,[316.1546155616901,48.459275403370484,580.8453601352534,33.69717309452224,74.8561558979469,19.069125674719217,21.976873864107443,0.15574770499081816,75.35906224348236]
22.393918176381717,[316.16011423348766,48.47695277983417,580.8416456479204,33.69778307516596,74.86595042715173,19.073255798973413,21.977502764438597,0.15569069018515533,75.36018010978634]
22.393922030648945,[316.16053242085866,48.329366167878625,580.8974389768325,33.6980447617839,74.85964118764221,19.05199004756424,21.96993510471152,0.15645536190619452,75.35180796567332]
22.39392770170866,[316.1554731003862,48.47748729256446,580.83537326547,33.696889763507095,74.84997407502125,19.073115639943083,21.976356183917556,0.15678681257498253,75.36943498388109]
22.393974475573415,[316.1767871052576,48.47658763100859,580.8412796607113,33.69732557403909,74.85806675688431,19.08585914243248,21.98057934853015,0.1566632703506594,75.3598367156062]
22.393974570314292,[316.14834369997493,48.446110236752276,580.826994816632,33.69740622714557,74.89048081520664,19.053499571588123,21.97432847352176,0.15563439840907908,75.36890970400216]
22.39397544140821,[316.15956327218515,48.32747415949129,580.8189071597853,33.693736104561545,74.8405838404187,19.082658410018052,21.977578684482122,0.15790746876917505,75.43030025547907]
22.39397663235515,[316.1400707976927,48.40087670617642,580.8497653965127,33.69667673086914,74.85532224035836,19.04798071219251,21.970415371684897,0.1555484277113337,75.39317526241874]
22.393979179207328,[316.14837538701727,48.44595923317931,580.8326248790028,33.697067622826445,74.87757158448481,19.053530673191624,21.974772710794365,0.1557799198004333,75.39759442952999]
22.39398819962492,[316.17160748883896,48.50501099206049,580.8540377246595,33.698918384072485,74.85033945001064,19.070504404725476,21.971257678946294,0.16045970826477582,75.42978022039833]
22.39402516218787,[316.15685555955207,48.44636771447166,580.8587861908527,33.69492419250315,74.80404291882205,19.083181689333777,21.982282634301384,0.15775833744621387,75.41682507437639]
22.39402587736775,[316.1952867206718,48.26206747218389,580.9142287760226,33.70033042312022,74.86358443459338,19.043915703055333,21.95543125457557,0.1580103601037527,75.48226629630292]
22.39406017058825,[316.1589721858487,48.345213050486805,580.8644001871236,33.696616365856414,74.86040201799463,19.053424424951032,21.970916457562033,0.15542848603967643,75.31964953890446]
22.394077281855314,[316.1669422823394,48.461004740822595,580.8362414209822,33.69796844364545,74.85785291792182,19.06967757465592,21.969862921588472,0.15558926553955585,75.3718735567756]
22.394082899273172,[316.17552403380716,48.2832640849782,580.9039468912265,33.698083306484826,74.8605637311218,19.05113056202703,21.96839990595867,0.15875833944493983,75.47742886556932]
22.394086888935206,[316.1959749862997,48.250326654627486,580.9149782095508,33.7002233759892,74.86395468743997,19.053598344695565,21.956439189391006,0.15816337851933868,75.41979538050583]
22.39408747950888,[316.14329256584296,48.45598274224229,580.8269042609799,33.69637760253859,74.84515729684759,19.078122640675048,21.975039947146456,0.15432577526189964,75.2833244629881]
22.39409131719779,[316.18509142068086,48.47567748718455,580.8401971790665,33.69655079543874,74.85490803790523,19.088570255692453,21.9814004965726,0.15849320239626402,75.14993623871354]
22.39409244816897,[316.20465594741427,48.49313835781505,580.8669632698449,33.69795459502258,74.85335868417192,19.091485898108544,21.985865189185674,0.15914076016131634,75.41411650268208]
22.394114283310472,[316.1969557564302,48.48520517356058,580.8573955049939,33.69604273325574,74.81374385103096,19.063332315721233,21.974241694377106,0.15659720350354026,75.34467931196768]
22.39413331322393,[316.1475287250727,48.40354033364563,580.8514920268468,33.69691019499305,74.85619579875262,19.07765783468624,21.976841887188865,0.15812573871175592,75.41169857406862]
22.39417166956654,[316.17242732547953,48.45248108358905,580.8593703607648,33.69717727928692,74.85625673991285,19.06899797437225,21.978822746828108,0.16026759193681567,75.42400154913919]
22.394174479675417,[316.1736459539394,48.425699553530954,580.8522434985002,33.69734634264951,74.84130730668183,19.076146946516683,21.970359085616916,0.15645052920957264,75.3161916893227]
22.39420730611805,[316.1366538257347,48.255731983363255,580.8652006605836,33.699725333185995,74.90607601762679,19.074953103899617,21.965227241672537,0.15363361349691013,75.37283047475829]
22.39421007382251,[316.16425810288206,48.42936731868657,580.8765772020096,33.69860725125171,74.84580989587266,19.059225958262516,21.96839990595867,0.15756939047007704,75.44425686378617]
22.394222778099902,[316.1686758474119,48.43738233123327,580.8719690295455,33.69736393177439,74.85690222806846,19.068863112222306,21.981045564437473,0.15653803180849013,75.42976883194265]
22.394224488818946,[316.1484743711233,48.471358044113266,580.865489222412,33.69659418673288,74.82378693608135,19.054234179041114,21.973894011858008,0.15507271042249618,75.37991579788945]
22.394240411040926,[316.15507751382177,48.37653365908605,580.8283843136353,33.69465998577831,74.84468142745348,19.072217385176003,21.977005877617998,0.15528515398735632,75.39213178171013]
22.394279848265057,[316.23101225733666,48.34414949545587,580.8843109604016,33.698630611776956,74.81182851260269,19.06905901757706,21.955665621499364,0.1588439995087835,75.4360958914871]
22.394283976751968,[316.1761005559309,48.2566949766197,580.857167604506,33.699227418929055,74.89668275276127,19.07352515806027,21.962183264619835,0.15396134207035783,75.39228917136519]
22.394287978844215,[316.1651738474018,48.40610323068735,580.8061014914599,33.6955300400357,74.84187151672555,19.08813516966943,21.97169294068404,0.15436127029568508,75.36306679097018]
22.394300112061625,[316.15956327218515,48.32747415949129,580.8189071597853,33.693736104561545,74.8405838404187,19.06197075579778,21.972112528891618,0.155978388586116,75.45063927951242]
22.394300112061625,[316.15956327218515,48.32747415949129,580.8189071597853,33.693736104561545,74.8405838404187,19.06197075579778,21.972112528891618,0.155978388586116,75.45063927951242]
22.394308063565003,[316.1684282385061,48.30663427959722,580.8312416195857,33.69385691596631,74.84521765497772,19.050182476488366,21.968474573341634,0.1587849721856571,75.38569060431564]
22.394324961974167,[316.16359368762164,48.35889130140653,580.8641737457293,33.69679465768004,74.85910071220945,19.051912473602467,21.969006861510547,0.15762673494232676,75.3620252524849]
22.394348866214447,[316.16243239396294,48.46639818307011,580.8395127581974,33.697548839206355,74.85908531186917,19.075097180542564,21.97479171218726,0.15543340603218941,75.36142171847388]
22.394353635159835,[316.16425810288206,48.42936731868657,580.8765772020096,33.69860725125171,74.84580989587266,19.059225958262516,21.96839990595867,0.15875833944493983,75.47742886556932]
22.394360472613617,[316.170352211029,48.4511537688329,580.8257725286967,33.69633259414571,74.8479847021241,19.07851158888701,21.974586551203867,0.15535230130025443,75.36270078308219]
22.394371699373348,[316.15070449807877,48.448981666352225,580.8328793241851,33.69637594598117,74.86026804602201,19.042112251318358,21.969963850989465,0.15761138688081242,75.43070600033629]
22.394373211513365,[316.16196577361063,48.482689988052584,580.8343030395097,33.69628734047382,74.82189750067356,19.08539219520045,21.974470193102363,0.15576799855444223,75.34425631008654]
22.394386964925392,[316.14935967458734,48.36571848787817,580.8915848926911,33.69803592842697,74.85688420823152,19.063622439027867,21.97353435945879,0.15816337851933868,75.41979538050583]
22.394397654430097,[316.1761005559309,48.47421998412726,580.8144288730227,33.69632274273739,74.81488688581359,19.08797966669937,21.966430740291397,0.15516636324021232,75.31365573805456]
22.394429276042832,[316.21067418875117,48.25053876568678,580.9591313430461,33.70053121015453,74.81237840633312,19.066971937511973,21.953934645125113,0.15920956965761857,75.31276198675448]
22.39443177274544,[316.1431431334524,48.421306169195574,580.8237365768823,33.69743079369121,74.89649858489878,19.04798071219251,21.970415371684897,0.1555484277113337,75.39317526241874]
22.394436415574948,[316.18509142068086,48.49709430377445,580.8240059065997,33.695360934864475,74.79621761133228,19.07743558800356,21.968815083890842,0.1556204164397572,75.34237578189645]
22.394453751723024,[316.1593625316999,48.311021807762096,580.89420523632,33.70013909835279,74.84802693840328,19.129775477522276,21.971953050334726,0.158600790369752,75.38460179136585]
22.394453751723024,[316.1593625316999,48.311021807762096,580.89420523632,33.70013909835279,74.84802693840328,19.129775477522276,21.971953050334726,0.158600790369752,75.38460179136585]
22.394467558262814,[316.13472231377506,48.32609578326956,580.8282019246876,33.69577650138154,74.86504739705316,19.091108752886306,21.976218145568495,0.15543910196476476,75.38266546536106]
22.394473571242152,[316.17732282390244,48.36362489782442,580.9078532299637,33.69892576766205,74.8373909175169,19.070330360788304,21.966672188002704,0.15750235145207164,75.29717815924612]
22.39447551544133,[316.16234649361905,48.47800133133112,580.9672318322691,33.70029192371176,74.77183984786389,19.102834570415794,21.979454466801496,0.1590452603025954,75.44513251815698]
22.39447917792288,[316.1765434692027,48.535194150581034,580.837001181182,33.69914032382675,74.83358581868752,19.070667003964054,21.961944753207177,0.15432577526189964,75.2833244629881]
22.39448442204843,[316.1448697661959,48.46639818307011,580.8395127581974,33.697548839206355,74.85908531186917,19.075097180542564,21.97479171218726,0.15543340603218941,75.36142171847388]
22.39449809040692,[316.14029500062986,48.371953246498705,580.8274989827524,33.697691464696135,74.84601268992643,19.08905753948036,21.963483624937172,0.1547327977952031,75.39388728347251]
22.39450012662005,[316.1832727964683,48.42367660510591,580.8823705660943,33.70034775229659,74.86332213719639,19.066052320713077,21.965560941728548,0.15849044024186362,75.48797558514002]
22.394505910117182,[316.1554722081902,48.445599942902426,580.8399957604031,33.69704527539782,74.87646195332525,19.05353959482025,21.975021275304876,0.15580866568545979,75.40353134576563]
22.39450691642346,[316.14998451990243,48.486600369342625,580.7946492191302,33.69660757005169,74.8455992880154,19.084640023072666,21.968703237361435,0.15467140231381882,75.34298160026371]
22.39451108328725,[316.1765434692027,48.535194150581034,580.837001181182,33.69914032382675,74.83358581868752,19.070667003964054,21.961944753207177,0.16209346732447266,75.42980850254077]
22.39451600630422,[316.18744168747514,48.485014363266885,580.8197835547105,33.69481176331147,74.82556248789587,19.074532573392222,21.97767848171507,0.15627088484651455,75.4125359183906]
22.394517548467583,[316.17552403380716,48.2832640849782,580.9039468912265,33.698083306484826,74.8605637311218,19.05113056202703,21.968201322761875,0.1579705961700028,75.51107013828968]
22.394546914185252,[316.19359725277985,48.29039532996592,580.913662326189,33.699338564396754,74.85156012229946,19.048419576258127,21.95991182276744,0.15871724357218148,75.48540735451323]
22.394551278027958,[316.1401603385868,48.482689988052584,580.8343030395097,33.69628734047382,74.82189750067356,19.08539219520045,21.974470193102363,0.15576799855444223,75.34425631008654]
22.394569488658092,[316.1673983323228,48.478062322055536,580.8548740132024,33.69484958884574,74.79740516880295,19.08310460480379,21.981819449138243,0.15739944702141034,75.45067055002616]
22.39459361876246,[316.14590912465536,48.47421998412726,580.8144288730227,33.69632274273739,74.81488688581359,19.08797966669937,21.966430740291397,0.15516636324021232,75.31365573805456]
22.394599118992495,[316.1470579650314,48.45027777957832,580.8550299964927,33.69632932221526,74.83831615880139,19.045947246961287,21.97117061339602,0.15525283409975463,75.3805695044013]
22.39462610028191,[316.1959749862997,48.250326654627486,580.9149782095508,33.7002233759892,74.86395468743997,19.053598344695565,21.956439189391006,0.1579840015022188,75.4896459517382]
22.394638672404483,[316.1454489345614,48.44889934647479,580.8400351908114,33.69741432071394,74.87026534592532,19.085360434000997,21.980185869158184,0.15581929455605253,75.4005712029316]
22.394639762972666,[316.1363493277417,48.20106901714231,580.9350815945224,33.69643455970136,74.81252888519718,19.078253095511478,21.970712741449972,0.1581340259477171,75.32071380416235]
22.394670336052826,[316.19455143733353,48.279125685682985,580.9449065096942,33.70065375164496,74.80398519929139,19.13560958327645,21.968765797704506,0.15876641652278073,75.37548155472395]
22.394674884134602,[316.19505112523154,48.26205348144303,580.932056912704,33.7004670737208,74.86333473804977,19.066753646478677,21.9649325912158,0.1588770772414005,75.53229720030343]
22.394674884134602,[316.19505112523154,48.26205348144303,580.932056912704,33.7004670737208,74.86333473804977,19.066753646478677,21.9649325912158,0.1588770772414005,75.53229720030343]
22.394681403629292,[316.16070635422267,48.4558074573783,580.8766116057127,33.6992108410099,74.84994274213874,19.067358424828296,21.969833235163915,0.1573567776218528,75.46170644364672]
22.39468577344682,[316.1799840922066,48.54096415032423,580.8805358830315,33.69552302438164,74.75633508444278,19.087835761872206,21.98058345653557,0.15951858470839175,75.47865472808208]
22.39470006293875,[316.12836196857234,48.322549891029055,580.8289622056723,33.69537365960308,74.87030724668718,19.078122640675048,21.975039947146456,0.15432577526189964,75.2833244629881]
22.394700686364505,[316.143198605078,48.40724262071922,580.8230447425688,33.69524167503771,74.860386329796,19.041516932631648,21.969399598467035,0.15562567363153862,75.38898822140263]
22.394703984877616,[316.15068792193597,48.47076787783149,580.8318683824932,33.697355240358604,74.8848199582645,19.06047026497185,21.976297995304396,0.15572006873278824,75.36178296019096]
22.394709110535302,[316.143569541981,48.45481993374884,580.802126716276,33.69560461529649,74.84794114661618,19.07552640448745,21.972003875317203,0.15470220760570078,75.3760629179277]
22.39471013919975,[316.1448697661959,48.49642297395103,580.8254322927538,33.69531827866225,74.8395529121683,19.082156790806728,21.983506904089197,0.1536348999267071,75.32880665536896]
22.394714113829277,[316.1527112440343,48.45379533088804,580.8297864020944,33.696248673421266,74.84517959020393,19.05152942734353,21.96770421347068,0.15500596240774286,75.35860460006926]
22.39472155032618,[316.1969254152955,48.26859171152674,580.8980357370791,33.69923872506774,74.86490177530332,19.03906461627068,21.954615434749762,0.15755306831313204,75.45811946423262]
22.39472401198154,[316.2134509676094,48.67089677972065,580.921709884248,33.69669531929453,74.73546194190806,19.008758362030697,21.969133278035578,0.15595637078342772,75.41982305788136]
22.39473382173079,[316.13765839973127,48.335025338512324,580.8460547245787,33.69760528474647,74.86129884642526,19.087855289583832,21.96819321203121,0.15628324009289085,75.3964500012276]
22.394743122640335,[316.1400707976927,48.40087670617642,580.8497653965127,33.69667673086914,74.85532224035836,19.082658410018052,21.977578684482122,0.15790746876917505,75.43030025547907]
.
   39.7944	:   37.0304
  417.5917	:  398.9774
  604.1274	:  571.8345
  611.4816	:  586.7984
  855.6104	:  830.3534
  963.7586	:  915.1844
 1005.1970	:  948.9575
 1280.5920	: 1257.0274
 1359.7412	: 1321.5833
 1429.5404	: 1339.5651
 1441.1490	: 1347.9935
 1743.8179	: 1680.4399
 2976.6431	: 2830.5361
 3041.1556	: 2930.0790
 3065.0242	: 2930.8386

    0.9305
    0.9554
    0.9465
    0.9596
    0.9705
    0.9496
    0.9441
    0.9816
    0.9719
    0.9371
    0.9354
    0.9637
    0.9509
    0.9635
    0.9562
