Generation 23
262.71,[950.873, 682.213, 727.765, 657.271, 575.534, 501.234, 257.802, 520.233, 86.865, 108.417, 134.056, 35.031, 98.974, 47.987, 33.436, 140.949, 130.477, 22.187, 188.309, 58.673]
270.18,[1095.089, 703.525, 831.205, 562.578, 759.54, 686.538, 192.895, 507.393, 70.446, 150.006, 181.974, 31.52, 81.69, 20.0, 20.0, 145.72, 174.149, 20.0, 184.397, 20.0]
283.24,[962.423, 736.758, 707.665, 665.241, 611.345, 525.384, 301.358, 488.959, 87.39, 105.681, 133.829, 31.547, 105.268, 42.589, 20.063, 156.131, 139.211, 37.972, 185.954, 48.473]
283.37,[874.097, 775.159, 707.418, 624.099, 734.066, 499.76, 346.348, 644.866, 65.679, 95.649, 105.168, 29.165, 113.122, 32.952, 20.409, 133.332, 142.349, 20.0, 170.494, 43.169]
286.87,[1000.0, 650.426, 700.888, 642.752, 602.192, 505.474, 270.618, 534.304, 78.727, 111.354, 130.359, 32.684, 99.35, 46.602, 20.719, 140.394, 140.935, 20.809, 181.409, 51.032]
288.30,[996.103, 633.483, 667.946, 757.819, 667.025, 557.45, 316.594, 497.933, 66.292, 105.529, 136.139, 25.874, 96.123, 38.911, 31.598, 139.071, 159.114, 36.615, 194.375, 45.172]
294.27,[974.375, 677.281, 725.538, 651.895, 618.316, 559.826, 260.135, 533.514, 94.282, 115.743, 137.759, 27.415, 109.66, 33.071, 20.0, 132.93, 135.881, 25.173, 189.01, 69.041]
302.44,[1012.488, 622.354, 754.993, 615.279, 619.845, 466.431, 292.232, 597.857, 86.338, 105.032, 134.662, 29.27, 98.891, 56.444, 31.032, 146.505, 138.043, 30.457, 198.529, 49.233]
305.89,[1024.682, 659.622, 701.051, 613.458, 572.366, 518.392, 282.617, 522.14, 87.034, 108.344, 126.744, 35.523, 104.143, 46.621, 24.654, 140.055, 134.506, 34.17, 184.325, 56.362]
307.26,[950.035, 433.868, 855.489, 654.85, 749.565, 458.619, 287.535, 518.845, 81.99, 96.334, 126.587, 29.603, 124.32, 20.0, 67.873, 154.958, 155.503, 76.021, 198.703, 48.986]
308.07,[959.887, 677.075, 736.936, 664.774, 627.018, 567.011, 251.175, 536.764, 91.907, 117.233, 135.724, 27.766, 111.606, 30.876, 24.257, 131.722, 134.66, 27.562, 190.048, 68.468]
313.09,[991.731, 643.677, 664.346, 747.852, 666.462, 556.541, 314.775, 495.967, 69.287, 106.536, 135.107, 26.604, 95.581, 40.856, 33.057, 139.162, 158.52, 36.521, 194.219, 44.629]
315.49,[960.931, 679.084, 952.417, 638.96, 643.739, 978.546, 658.671, 530.754, 127.524, 77.268, 115.177, 130.518, 195.599, 44.081, 74.241, 54.511, 164.166, 32.75, 87.653, 95.118]
316.23,[1035.889, 717.463, 662.972, 514.676, 517.845, 563.231, 298.775, 518.236, 81.619, 106.911, 103.134, 37.244, 76.468, 58.708, 20.954, 132.722, 123.612, 20.0, 195.485, 54.782]
319.22,[973.337, 507.496, 833.049, 677.636, 758.827, 435.601, 260.618, 490.326, 89.352, 99.745, 132.914, 39.732, 133.495, 28.514, 61.092, 144.471, 151.834, 80.033, 193.162, 56.106]
322.41,[930.058, 582.62, 1000.0, 706.73, 617.295, 578.943, 177.014, 460.232, 117.485, 85.679, 167.265, 93.248, 171.413, 46.227, 76.741, 153.305, 171.242, 55.42, 131.604, 91.016]
324.23,[953.682, 597.042, 722.746, 949.572, 688.655, 597.752, 770.645, 561.042, 143.636, 102.013, 77.631, 171.032, 20.0, 79.322, 165.913, 54.603, 130.067, 101.599, 110.459, 109.717]
329.40,[973.842, 731.959, 925.451, 609.5, 587.574, 314.315, 325.066, 575.416, 63.595, 106.559, 116.518, 40.54, 36.726, 33.731, 83.607, 103.183, 183.933, 20.0, 122.674, 51.302]
329.83,[998.911, 581.204, 730.376, 679.32, 655.377, 580.135, 284.84, 531.836, 90.826, 107.685, 142.2, 34.419, 88.782, 51.408, 45.514, 143.275, 130.669, 31.895, 182.437, 59.081]
330.72,[961.113, 535.449, 827.967, 677.479, 916.821, 611.791, 298.476, 712.724, 90.387, 150.606, 181.238, 27.077, 128.229, 47.408, 28.523, 106.161, 140.101, 20.0, 176.073, 65.721]
333.35,[937.188, 496.843, 848.489, 432.707, 790.475, 454.64, 260.124, 457.481, 85.628, 110.437, 171.905, 46.117, 105.915, 57.242, 69.486, 136.304, 155.808, 74.817, 200.0, 81.97]
335.85,[920.489, 585.047, 997.37, 705.591, 618.067, 576.617, 187.867, 459.985, 116.729, 86.654, 163.983, 94.854, 171.107, 47.333, 77.676, 153.969, 170.814, 52.733, 133.375, 92.524]
344.00,[984.283, 562.579, 833.517, 663.271, 906.904, 625.682, 314.201, 749.017, 87.151, 148.766, 173.919, 24.752, 123.058, 52.709, 25.368, 111.351, 138.151, 24.61, 174.294, 64.201]
345.83,[958.736, 735.05, 845.443, 613.796, 587.057, 528.702, 245.647, 433.807, 79.459, 133.373, 102.474, 30.214, 93.184, 68.644, 66.931, 150.701, 136.365, 31.097, 145.074, 84.284]
346.15,[1000.835, 647.392, 694.505, 620.315, 574.038, 516.08, 287.008, 499.699, 91.82, 107.402, 123.572, 33.131, 104.223, 46.731, 25.376, 143.156, 139.406, 37.994, 188.675, 58.811]
346.43,[844.592, 699.613, 902.372, 576.537, 697.126, 430.615, 184.374, 603.475, 108.576, 93.279, 158.991, 20.0, 123.967, 29.132, 22.788, 163.34, 120.353, 70.773, 197.304, 33.039]
348.93,[905.26, 709.989, 648.583, 527.053, 706.929, 773.295, 150.0, 616.281, 62.229, 101.782, 128.756, 20.0, 106.008, 71.724, 30.052, 102.291, 172.436, 48.185, 214.505, 41.387]
349.72,[1000.0, 671.432, 666.476, 627.424, 545.956, 494.182, 265.639, 490.312, 80.051, 106.747, 122.897, 37.55, 97.099, 43.973, 24.054, 148.803, 141.03, 31.803, 187.688, 50.836]
353.64,[976.099, 615.1, 971.732, 576.644, 644.99, 879.634, 575.929, 488.603, 58.795, 105.077, 141.237, 54.784, 109.56, 41.595, 25.8, 144.753, 176.795, 31.35, 215.906, 48.421]
354.62,[1037.247, 559.211, 865.082, 550.954, 649.548, 373.118, 328.473, 725.156, 100.057, 92.648, 145.75, 20.0, 98.826, 77.436, 51.247, 158.943, 130.665, 47.651, 233.235, 45.415]
355.48,[839.266, 382.215, 995.427, 439.897, 535.912, 684.283, 485.18, 209.806, 82.454, 109.448, 55.122, 36.457, 200.218, 23.99, 169.103, 142.281, 71.745, 52.21, 199.321, 114.685]
359.97,[828.813, 671.521, 884.554, 552.418, 680.772, 429.347, 167.174, 639.517, 110.265, 96.689, 161.421, 20.0, 121.156, 35.56, 25.254, 162.834, 119.813, 81.962, 193.724, 26.751]
360.87,[961.531, 730.236, 990.102, 627.291, 575.694, 724.289, 441.117, 528.188, 64.079, 83.711, 114.591, 45.678, 49.515, 42.474, 80.056, 27.751, 175.618, 31.359, 144.144, 78.508]
361.78,[1000.0, 760.904, 806.458, 540.007, 628.202, 485.747, 162.416, 473.833, 73.667, 108.49, 144.963, 26.831, 115.877, 28.057, 21.105, 111.859, 169.813, 22.389, 151.142, 27.732]
364.63,[1000.0, 647.236, 697.506, 620.073, 574.084, 517.82, 273.387, 501.075, 86.975, 109.224, 125.271, 33.102, 104.351, 45.014, 20.0, 143.33, 137.179, 32.469, 187.565, 56.76]
365.06,[970.867, 573.676, 736.437, 927.301, 708.734, 575.126, 777.075, 539.151, 144.082, 106.08, 81.33, 167.247, 23.079, 80.358, 172.071, 68.129, 124.013, 102.622, 112.584, 112.289]
366.28,[978.356, 670.061, 678.777, 620.805, 583.729, 494.116, 266.607, 520.37, 77.61, 113.647, 138.582, 36.175, 103.653, 44.336, 23.367, 138.389, 142.229, 25.055, 190.083, 52.925]
367.22,[972.926, 780.115, 659.424, 595.327, 592.084, 580.03, 313.447, 612.732, 82.117, 99.939, 109.196, 27.161, 83.83, 33.442, 22.422, 134.915, 127.588, 20.0, 209.806, 37.795]
367.95,[762.485, 796.223, 807.611, 836.382, 593.617, 712.605, 174.574, 504.844, 153.456, 92.234, 139.674, 97.253, 90.663, 50.279, 51.932, 122.337, 113.825, 27.626, 97.095, 76.501]
369.23,[955.929, 579.365, 730.885, 949.787, 689.602, 571.948, 767.584, 539.296, 148.042, 103.735, 76.504, 169.289, 20.0, 78.218, 167.519, 55.123, 128.571, 100.921, 113.465, 111.099]
369.95,[1001.749, 620.354, 538.308, 893.602, 400.593, 986.631, 258.928, 689.887, 74.877, 107.611, 82.471, 26.212, 191.077, 69.662, 132.912, 131.096, 125.2, 20.0, 146.578, 96.176]
370.74,[938.929, 662.668, 919.715, 648.884, 650.852, 1000.0, 655.466, 518.68, 127.57, 73.732, 117.566, 132.606, 199.509, 42.944, 73.848, 52.443, 167.197, 30.35, 79.348, 98.477]
371.68,[925.612, 628.849, 707.067, 690.496, 594.69, 543.602, 302.537, 562.015, 95.186, 111.829, 130.931, 33.217, 91.555, 41.144, 26.668, 135.93, 138.287, 24.003, 191.634, 38.331]
377.67,[873.361, 773.124, 706.396, 628.474, 731.544, 505.378, 356.399, 641.155, 67.147, 95.612, 105.034, 32.379, 111.748, 34.485, 23.61, 131.575, 141.835, 20.0, 169.437, 45.008]
377.88,[860.158, 384.987, 951.437, 594.225, 495.878, 615.357, 379.063, 445.196, 88.475, 138.702, 71.778, 57.161, 176.952, 42.653, 140.616, 159.727, 67.992, 36.668, 184.461, 82.065]
378.63,[1000.0, 574.063, 670.782, 610.778, 580.752, 510.911, 273.74, 512.448, 84.775, 109.948, 122.992, 35.26, 102.613, 37.903, 20.0, 141.846, 130.635, 21.57, 180.165, 62.266]
379.55,[1000.0, 649.127, 700.446, 647.731, 604.369, 516.051, 273.723, 534.034, 79.008, 111.277, 130.467, 32.3, 99.168, 45.932, 20.886, 140.331, 141.97, 21.189, 180.941, 51.094]
381.35,[812.817, 222.562, 879.954, 438.109, 481.148, 884.759, 570.84, 299.314, 95.005, 109.35, 41.195, 63.831, 176.794, 32.951, 132.484, 155.94, 94.58, 27.491, 144.112, 91.587]
381.99,[963.238, 536.129, 582.164, 632.824, 460.328, 1000.0, 191.712, 613.541, 91.007, 107.665, 133.534, 33.564, 163.561, 45.686, 129.254, 128.818, 129.8, 22.758, 163.52, 127.469]
384.41,[754.625, 227.044, 1154.079, 719.304, 525.672, 687.431, 496.085, 178.308, 61.152, 151.191, 100.204, 44.474, 175.743, 61.767, 137.795, 108.698, 57.986, 42.621, 220.678, 117.537]
384.77,[974.996, 402.134, 1000.0, 609.926, 480.594, 653.998, 404.338, 395.833, 87.467, 157.61, 73.714, 56.908, 179.478, 23.092, 160.204, 135.109, 71.189, 37.688, 200.0, 112.657]
385.35,[1000.0, 555.778, 539.817, 600.091, 503.72, 984.103, 258.871, 609.958, 106.89, 107.986, 159.458, 20.0, 174.175, 43.979, 143.465, 141.983, 130.887, 24.865, 150.262, 138.0]
385.90,[878.394, 344.213, 851.222, 550.885, 529.258, 727.574, 391.896, 431.449, 80.584, 149.815, 67.295, 49.083, 200.0, 23.415, 147.8, 168.254, 52.26, 43.859, 175.936, 82.951]
385.91,[988.561, 434.808, 962.662, 775.743, 452.24, 957.882, 447.206, 360.051, 92.729, 150.81, 120.081, 37.072, 187.663, 37.296, 167.21, 66.798, 81.426, 36.143, 116.604, 110.764]
386.16,[1000.0, 732.058, 805.425, 770.54, 784.725, 706.355, 417.417, 558.374, 102.978, 122.943, 104.112, 29.172, 61.381, 57.35, 20.0, 115.52, 155.375, 35.829, 199.632, 70.267]
387.12,[750.914, 860.64, 894.199, 559.188, 502.705, 695.471, 407.389, 494.894, 81.0, 191.799, 53.34, 117.315, 131.6, 122.006, 174.28, 148.052, 34.945, 160.98, 200.0, 89.809]
393.24,[873.019, 737.003, 688.1, 775.014, 483.099, 666.167, 264.151, 493.44, 102.183, 100.864, 155.32, 62.113, 120.616, 61.519, 85.715, 98.65, 117.867, 44.756, 125.753, 80.871]
394.22,[885.314, 606.328, 720.06, 615.23, 599.326, 459.472, 216.243, 551.062, 81.491, 112.445, 126.727, 28.034, 92.974, 51.808, 20.0, 140.274, 135.638, 27.989, 179.887, 54.667]
394.85,[931.049, 445.415, 857.836, 655.009, 746.696, 442.458, 272.959, 516.528, 82.653, 95.956, 128.653, 26.797, 125.028, 20.269, 66.91, 152.71, 154.305, 75.257, 198.889, 49.406]
395.56,[1012.255, 752.766, 1091.165, 486.572, 635.545, 195.862, 409.404, 560.104, 64.397, 82.141, 93.528, 26.034, 64.963, 37.484, 58.429, 94.044, 177.744, 20.0, 120.188, 75.275]
396.56,[919.164, 271.339, 992.072, 680.795, 529.162, 542.141, 362.219, 461.244, 74.669, 140.152, 68.261, 45.4, 147.293, 35.497, 188.854, 115.902, 58.05, 60.02, 175.32, 109.749]
398.04,[1192.475, 843.607, 969.441, 540.698, 747.777, 834.103, 351.895, 883.067, 104.003, 127.688, 124.402, 79.943, 153.907, 43.939, 176.014, 200.498, 138.035, 29.212, 88.697, 179.059]
398.66,[910.725, 712.752, 819.973, 628.811, 554.044, 465.971, 223.824, 341.527, 74.417, 134.541, 97.969, 20.0, 80.711, 73.719, 44.525, 140.472, 136.022, 31.484, 156.654, 64.817]
399.14,[835.811, 667.537, 875.815, 554.804, 676.683, 432.682, 171.531, 634.322, 109.223, 97.231, 159.85, 20.35, 120.398, 35.656, 25.039, 161.976, 120.255, 79.493, 193.169, 28.203]
399.32,[943.212, 537.352, 767.522, 793.774, 732.779, 378.762, 250.053, 539.583, 100.043, 106.668, 177.191, 31.164, 171.945, 20.0, 28.612, 148.742, 150.011, 79.227, 156.017, 64.34]
399.51,[843.619, 186.852, 1063.51, 686.446, 536.859, 1190.364, 564.054, 354.298, 114.686, 133.754, 203.177, 65.286, 174.135, 42.943, 107.646, 64.366, 103.288, 45.754, 72.824, 92.855]
401.01,[844.235, 692.587, 665.965, 801.583, 631.766, 727.676, 754.102, 494.35, 125.237, 94.15, 99.718, 159.551, 57.394, 95.149, 150.271, 62.056, 121.462, 54.745, 127.597, 117.786]
401.15,[902.175, 803.869, 718.412, 608.572, 745.726, 539.811, 412.673, 607.776, 68.694, 90.112, 99.136, 36.158, 114.827, 27.244, 20.0, 142.673, 136.957, 24.57, 167.557, 37.608]
401.35,[997.988, 667.202, 685.191, 627.255, 188.122, 472.662, 527.471, 559.52, 80.841, 100.565, 132.822, 28.499, 101.735, 90.707, 46.464, 129.841, 108.31, 41.483, 104.627, 27.87]
402.34,[755.598, 955.363, 893.636, 522.734, 531.77, 748.881, 502.121, 447.11, 96.034, 205.554, 42.075, 112.958, 126.069, 134.775, 174.105, 130.161, 45.413, 148.504, 197.201, 99.119]
402.97,[791.618, 306.403, 1035.738, 655.877, 600.326, 544.571, 379.671, 507.307, 68.415, 140.259, 58.349, 85.791, 119.892, 20.0, 228.193, 104.216, 45.345, 67.986, 184.517, 100.544]
407.22,[998.108, 767.653, 1037.196, 502.809, 511.628, 922.535, 513.23, 372.107, 66.95, 123.053, 148.856, 71.759, 130.847, 21.97, 24.404, 131.863, 164.437, 20.0, 216.8, 58.711]
407.71,[963.758, 268.738, 1050.895, 636.053, 651.539, 440.702, 372.948, 570.518, 67.888, 111.187, 58.091, 78.618, 127.716, 27.589, 203.716, 80.29, 35.239, 41.041, 172.726, 102.83]
408.95,[821.859, 440.588, 986.626, 442.523, 520.52, 509.603, 423.725, 748.33, 38.975, 106.254, 87.995, 111.454, 142.399, 216.469, 49.522, 81.468, 60.25, 215.882, 153.557, 146.229]
410.17,[969.895, 677.598, 877.187, 568.392, 596.508, 1199.461, 529.222, 539.046, 127.663, 107.173, 143.987, 46.853, 113.367, 40.7, 50.756, 190.356, 174.849, 32.376, 100.836, 38.502]
410.53,[997.828, 542.872, 605.55, 671.198, 491.543, 1000.0, 209.831, 607.47, 104.908, 118.833, 142.065, 26.352, 171.447, 50.91, 129.821, 135.305, 124.024, 20.093, 159.394, 133.928]
410.92,[1000.0, 532.234, 784.916, 831.017, 692.445, 419.637, 247.031, 530.736, 98.962, 111.499, 178.743, 31.734, 165.093, 20.0, 32.803, 156.207, 158.499, 74.275, 159.746, 59.842]
411.55,[811.327, 245.777, 941.932, 615.615, 380.95, 671.878, 418.98, 332.337, 98.833, 154.664, 49.686, 73.115, 200.0, 32.346, 152.741, 150.538, 52.385, 28.604, 190.582, 102.172]
412.01,[994.109, 714.724, 934.175, 613.548, 590.725, 342.558, 284.138, 529.306, 63.182, 102.833, 124.037, 36.433, 35.681, 39.007, 84.129, 102.971, 177.459, 21.417, 128.141, 54.217]
412.06,[945.646, 544.134, 795.103, 584.545, 600.149, 381.754, 523.325, 515.116, 64.281, 91.775, 111.385, 38.796, 132.13, 48.308, 80.848, 166.876, 143.88, 33.58, 179.977, 61.901]
413.48,[1000.0, 718.31, 778.389, 817.061, 715.478, 717.007, 420.083, 558.551, 100.507, 120.988, 98.484, 36.633, 69.615, 56.914, 20.0, 118.333, 157.265, 40.516, 200.0, 72.974]
414.61,[1132.184, 214.013, 1109.079, 787.067, 529.548, 1417.908, 491.125, 359.19, 95.391, 127.348, 156.728, 66.021, 172.947, 28.812, 120.164, 21.766, 75.078, 65.863, 73.647, 83.652]
414.61,[925.116, 463.365, 476.204, 571.178, 812.914, 1000.0, 658.442, 700.273, 119.263, 72.225, 186.118, 157.517, 142.228, 197.273, 90.746, 97.016, 47.687, 124.433, 118.306, 28.755]
414.75,[904.495, 345.623, 990.553, 608.832, 456.721, 607.657, 411.995, 346.291, 80.61, 153.293, 70.026, 48.784, 179.297, 26.742, 153.749, 130.568, 57.358, 38.76, 209.572, 106.3]
414.83,[831.004, 364.021, 1107.256, 756.909, 492.367, 675.989, 372.101, 266.297, 118.823, 167.991, 25.888, 64.571, 237.693, 50.281, 137.655, 166.717, 20.0, 20.0, 192.36, 110.585]
415.26,[1000.0, 654.202, 699.466, 647.722, 604.863, 513.495, 273.953, 533.65, 79.419, 111.278, 129.069, 33.945, 98.924, 45.856, 20.836, 140.231, 141.764, 21.784, 181.025, 51.159]
416.29,[882.851, 632.512, 713.656, 647.247, 576.037, 500.89, 225.843, 539.516, 85.637, 110.124, 132.456, 34.863, 98.513, 53.754, 33.168, 131.933, 132.077, 31.349, 169.04, 59.918]
416.59,[1000.0, 672.82, 686.645, 649.13, 183.934, 477.195, 535.339, 558.452, 80.657, 106.668, 133.111, 23.796, 104.333, 90.938, 50.296, 132.653, 107.387, 41.889, 105.692, 29.505]
416.69,[741.925, 347.568, 992.89, 654.599, 478.916, 751.498, 459.094, 348.949, 104.736, 137.869, 84.013, 35.607, 188.458, 52.542, 168.465, 169.072, 31.891, 20.644, 183.146, 94.558]
416.82,[697.886, 723.012, 618.888, 636.385, 812.306, 526.882, 603.553, 431.46, 98.311, 133.283, 156.185, 20.0, 87.644, 68.685, 25.425, 98.089, 165.565, 22.038, 200.46, 56.094]
416.92,[842.09, 344.233, 981.656, 581.005, 409.893, 682.67, 420.972, 401.129, 86.39, 164.728, 57.103, 60.607, 200.0, 42.596, 144.333, 163.804, 52.246, 40.064, 191.764, 86.67]
416.96,[925.651, 458.266, 645.592, 515.292, 623.501, 416.464, 211.055, 458.517, 119.859, 87.46, 173.804, 40.531, 115.017, 54.799, 21.383, 149.043, 158.058, 56.494, 202.551, 107.194]
416.98,[885.527, 611.289, 841.507, 617.101, 606.094, 458.623, 215.719, 257.688, 78.858, 138.308, 124.729, 20.469, 78.734, 83.836, 45.181, 140.401, 136.113, 28.99, 150.767, 67.201]
417.25,[988.782, 178.339, 1061.198, 693.468, 509.332, 1283.173, 488.805, 337.211, 92.209, 129.032, 166.838, 66.908, 184.69, 55.933, 104.466, 44.744, 87.988, 50.988, 65.006, 95.119]
417.55,[907.935, 570.929, 990.611, 717.107, 622.836, 580.202, 172.532, 452.254, 119.723, 84.919, 164.094, 97.937, 176.115, 48.473, 79.777, 152.817, 173.429, 54.604, 137.751, 92.286]
418.16,[844.235, 692.587, 665.965, 801.583, 631.766, 727.676, 754.102, 494.35, 125.237, 94.15, 99.718, 159.551, 57.394, 95.149, 150.271, 62.056, 121.462, 54.745, 127.597, 117.786]
421.15,[833.853, 402.324, 825.877, 504.802, 632.686, 436.293, 150.0, 378.735, 113.136, 83.408, 178.157, 49.573, 139.427, 56.637, 25.318, 154.915, 142.703, 80.692, 203.078, 158.741]
422.28,[1000.0, 526.182, 786.019, 598.116, 524.276, 414.398, 348.106, 470.875, 87.293, 73.054, 112.715, 52.184, 114.49, 35.945, 82.04, 155.479, 155.003, 27.008, 194.925, 62.242]
423.52,[879.493, 333.272, 835.982, 563.068, 529.048, 732.145, 375.0, 428.37, 80.008, 146.898, 67.874, 51.801, 211.04, 22.518, 144.276, 174.941, 47.94, 42.688, 176.906, 81.199]
423.62,[800.056, 612.124, 858.384, 847.717, 873.191, 862.097, 874.711, 682.585, 112.635, 85.476, 98.511, 207.721, 30.962, 73.138, 159.324, 48.993, 154.493, 49.275, 129.224, 136.318]
424.84,[1105.138, 664.798, 620.505, 550.497, 575.704, 721.937, 798.83, 449.994, 52.879, 112.972, 144.471, 95.008, 186.145, 178.876, 69.482, 193.531, 86.616, 178.57, 117.207, 151.729]
425.09,[811.841, 827.883, 312.185, 482.894, 829.211, 688.843, 674.853, 353.353, 190.805, 45.324, 97.238, 127.122, 164.926, 113.894, 183.552, 111.022, 192.459, 165.884, 183.455, 170.916]
425.83,[820.469, 272.735, 953.356, 618.402, 387.618, 648.733, 398.79, 355.568, 96.577, 158.399, 45.454, 67.433, 202.376, 35.637, 144.673, 156.775, 49.89, 26.347, 187.488, 94.515]
426.17,[1000.0, 656.629, 698.346, 648.26, 604.5, 510.634, 271.167, 534.927, 80.301, 111.946, 129.336, 33.641, 98.973, 45.882, 20.719, 140.391, 140.503, 22.298, 181.293, 51.055]
426.60,[848.964, 942.446, 600.993, 524.282, 669.034, 534.982, 294.472, 548.981, 143.892, 129.794, 109.614, 37.232, 67.017, 101.531, 65.938, 153.877, 138.364, 35.077, 174.879, 41.352]
428.66,[772.79, 272.44, 1124.504, 659.693, 437.103, 634.801, 510.487, 249.707, 71.431, 144.028, 85.296, 43.098, 196.649, 39.416, 143.635, 113.465, 71.947, 43.418, 217.042, 119.063]
428.77,[982.625, 617.83, 715.988, 620.599, 585.816, 498.44, 284.761, 515.74, 83.762, 108.533, 120.509, 29.237, 100.321, 37.907, 20.0, 138.873, 127.702, 30.277, 184.254, 55.959]
429.12,[877.4, 363.14, 911.927, 621.355, 496.397, 803.511, 365.727, 396.805, 86.153, 141.802, 124.406, 53.828, 160.395, 30.434, 89.413, 110.097, 96.943, 50.247, 160.62, 75.543]
429.27,[813.921, 826.444, 934.062, 542.656, 585.769, 489.284, 395.557, 486.581, 84.147, 169.351, 150.225, 128.752, 84.375, 53.564, 117.949, 148.788, 21.613, 44.355, 204.466, 59.265]
429.88,[1000.835, 649.127, 694.505, 647.731, 574.038, 516.051, 287.008, 534.034, 91.82, 111.277, 123.572, 32.3, 104.223, 45.932, 25.376, 140.331, 139.406, 21.189, 188.675, 51.094]
432.36,[965.161, 587.865, 749.623, 644.446, 229.336, 565.376, 514.74, 519.139, 80.98, 116.544, 131.699, 31.275, 120.234, 78.68, 64.139, 125.098, 100.885, 44.688, 112.08, 39.311]
433.48,[793.865, 307.41, 765.339, 853.634, 739.657, 574.48, 150.0, 361.324, 78.535, 157.133, 147.82, 179.465, 44.97, 31.804, 116.076, 196.372, 53.647, 169.583, 113.857, 143.759]
433.70,[982.085, 287.059, 1031.468, 652.883, 495.371, 977.518, 447.771, 365.69, 89.905, 142.915, 121.598, 62.05, 182.158, 39.979, 131.544, 88.644, 79.827, 44.527, 130.586, 103.639]
434.28,[895.169, 367.337, 949.679, 591.094, 444.328, 628.628, 394.978, 443.792, 86.544, 143.392, 73.12, 65.574, 187.114, 54.054, 140.329, 170.934, 68.008, 37.4, 190.261, 87.311]
435.54,[987.889, 677.988, 754.046, 838.417, 487.13, 442.196, 259.053, 360.026, 74.464, 146.075, 102.654, 27.481, 64.502, 69.235, 114.122, 142.466, 136.83, 24.53, 144.847, 87.203]
436.46,[793.884, 310.194, 1027.719, 651.249, 594.356, 548.848, 377.313, 506.707, 67.798, 138.911, 59.088, 86.763, 119.901, 21.477, 225.579, 104.748, 46.124, 70.059, 184.854, 101.443]
438.23,[884.18, 719.438, 1138.031, 548.166, 494.815, 911.66, 512.354, 487.179, 38.891, 109.601, 167.784, 60.139, 124.291, 20.908, 42.715, 133.673, 192.448, 20.0, 219.742, 68.749]
438.59,[1083.547, 484.71, 767.364, 805.725, 671.496, 386.176, 288.277, 522.207, 103.615, 108.919, 158.732, 20.0, 164.777, 28.073, 28.354, 164.477, 155.265, 71.587, 157.82, 57.937]
438.86,[899.691, 645.315, 725.25, 607.138, 632.855, 485.994, 291.483, 551.189, 73.036, 113.223, 126.476, 21.748, 96.223, 51.642, 20.0, 135.196, 144.491, 28.078, 180.912, 55.544]
439.16,[907.757, 258.556, 703.743, 643.863, 159.791, 633.775, 417.643, 583.851, 53.076, 173.321, 157.092, 107.001, 137.278, 161.984, 108.496, 127.624, 115.397, 115.973, 98.262, 68.669]
439.82,[810.791, 227.22, 981.222, 619.778, 357.659, 668.614, 411.899, 331.67, 99.453, 163.918, 35.556, 73.014, 215.344, 33.682, 159.904, 159.412, 38.333, 26.136, 188.292, 99.275]
439.83,[962.476, 607.308, 757.145, 594.612, 558.105, 501.837, 282.734, 530.0, 100.302, 106.47, 126.657, 39.044, 66.563, 35.445, 51.135, 123.714, 136.4, 26.216, 145.752, 54.724]
440.15,[1084.782, 191.667, 629.19, 728.904, 226.968, 517.494, 359.986, 585.016, 37.049, 149.489, 159.994, 113.413, 135.11, 188.783, 105.28, 126.26, 118.426, 132.121, 78.079, 74.023]
440.75,[1070.564, 150.0, 1038.251, 821.469, 556.484, 1299.893, 495.176, 388.732, 66.274, 159.795, 171.644, 59.935, 159.775, 28.335, 106.356, 29.342, 83.167, 37.87, 45.245, 99.131]
444.03,[798.375, 181.157, 1051.123, 622.02, 446.69, 987.529, 416.124, 330.931, 82.525, 163.825, 124.941, 67.078, 196.356, 20.0, 130.411, 88.932, 69.757, 58.092, 142.659, 86.256]
444.04,[1027.119, 656.406, 529.235, 513.289, 441.33, 453.355, 250.541, 694.324, 98.989, 128.023, 161.281, 53.994, 79.39, 41.827, 20.0, 108.031, 121.503, 35.584, 177.823, 44.001]
444.18,[1049.679, 334.184, 811.607, 750.574, 551.681, 413.738, 260.222, 564.084, 140.933, 148.362, 157.302, 20.0, 161.395, 20.0, 20.0, 155.829, 138.219, 57.098, 152.047, 28.714]
444.30,[932.12, 644.999, 666.085, 666.551, 634.931, 528.517, 303.26, 552.707, 84.684, 107.133, 131.016, 35.5, 95.688, 47.738, 24.912, 152.8, 138.515, 35.47, 174.931, 48.618]
444.91,[954.85, 521.329, 980.728, 551.207, 561.398, 410.819, 592.665, 295.789, 133.387, 41.946, 122.386, 53.862, 120.394, 33.809, 91.564, 145.262, 152.33, 36.521, 195.891, 37.587]
445.37,[814.943, 214.154, 946.337, 650.042, 458.086, 739.426, 480.232, 283.588, 101.431, 162.491, 23.589, 40.439, 231.316, 22.27, 190.508, 172.739, 54.99, 43.542, 166.448, 86.756]
445.56,[992.304, 679.243, 680.253, 651.431, 190.149, 473.693, 538.516, 557.343, 80.533, 105.778, 129.74, 20.612, 108.538, 89.153, 50.782, 128.677, 109.45, 41.384, 107.052, 27.872]
446.28,[916.124, 514.753, 595.054, 401.517, 272.232, 779.609, 250.081, 474.289, 34.471, 66.178, 98.94, 139.201, 120.357, 101.138, 84.566, 133.447, 88.146, 181.908, 203.064, 149.961]
446.69,[809.874, 308.313, 986.869, 598.627, 364.421, 708.877, 336.853, 241.21, 89.688, 136.506, 57.13, 83.16, 215.225, 20.0, 128.223, 164.654, 50.443, 39.25, 187.475, 121.641]
446.83,[876.826, 1040.816, 677.686, 523.317, 478.5, 663.616, 703.993, 462.51, 61.002, 113.846, 147.701, 125.136, 194.38, 197.542, 84.043, 218.74, 56.566, 205.385, 114.771, 139.825]
447.11,[944.844, 505.588, 448.273, 615.914, 857.608, 1147.908, 663.177, 676.155, 116.916, 109.454, 191.511, 31.45, 138.755, 50.024, 90.042, 126.933, 58.616, 20.546, 120.422, 147.27]
448.04,[1000.0, 566.956, 729.753, 591.964, 574.891, 443.929, 323.001, 477.61, 81.85, 107.327, 123.593, 34.842, 104.89, 49.181, 34.862, 137.729, 136.748, 33.427, 180.833, 66.15]
448.19,[1126.037, 733.499, 764.356, 796.994, 712.681, 707.678, 390.394, 553.491, 96.639, 127.213, 103.444, 32.991, 75.278, 54.693, 20.0, 117.407, 150.343, 43.101, 201.224, 72.77]
448.44,[822.281, 817.879, 886.349, 622.373, 541.865, 295.036, 747.96, 404.911, 108.229, 96.758, 88.128, 101.956, 187.28, 39.697, 95.246, 179.234, 84.059, 21.662, 172.144, 109.321]
449.18,[961.197, 676.689, 964.21, 638.128, 644.479, 1000.0, 675.956, 532.381, 129.447, 75.868, 114.324, 135.143, 200.0, 44.14, 76.751, 49.744, 165.365, 32.37, 82.939, 97.206]
449.73,[1057.094, 535.773, 623.196, 517.008, 598.926, 494.885, 189.395, 440.242, 123.183, 110.501, 144.007, 59.306, 110.142, 54.983, 20.0, 149.525, 144.655, 41.821, 215.435, 97.537]
449.85,[1029.618, 646.092, 599.916, 640.96, 209.927, 759.366, 338.876, 558.715, 83.046, 111.442, 140.066, 115.936, 100.105, 82.359, 89.042, 140.921, 159.157, 49.612, 174.246, 116.645]
452.00,[966.289, 675.447, 739.803, 709.006, 403.098, 344.464, 150.0, 332.963, 121.964, 99.011, 96.473, 41.787, 115.537, 25.745, 30.795, 136.632, 167.658, 33.257, 200.0, 38.201]
453.09,[1001.484, 745.919, 692.803, 704.286, 712.58, 685.555, 418.881, 625.569, 65.396, 82.777, 98.662, 36.5, 60.278, 57.608, 20.0, 146.552, 129.014, 26.85, 210.089, 52.805]
453.47,[935.673, 442.577, 850.432, 660.147, 748.04, 453.062, 272.95, 517.646, 83.124, 96.859, 127.63, 27.093, 123.45, 21.016, 68.147, 152.916, 153.739, 73.172, 199.821, 48.823]
454.09,[1000.0, 655.878, 690.229, 631.504, 600.689, 514.54, 272.624, 532.039, 81.159, 113.138, 130.409, 35.809, 101.533, 45.379, 24.379, 143.141, 141.14, 30.772, 185.357, 52.673]
454.31,[1001.247, 518.694, 801.803, 594.34, 553.848, 411.891, 356.238, 501.374, 82.65, 77.088, 122.087, 48.368, 119.909, 39.154, 78.671, 145.372, 149.274, 40.08, 194.617, 58.457]
455.17,[946.48, 651.439, 691.63, 656.109, 622.539, 518.993, 288.157, 495.578, 86.076, 106.265, 129.642, 33.111, 104.24, 45.284, 26.474, 152.075, 139.486, 41.134, 188.035, 53.95]
455.53,[904.021, 469.676, 653.31, 533.026, 614.519, 426.323, 234.945, 478.538, 119.996, 90.002, 168.296, 41.272, 112.043, 60.057, 26.289, 143.788, 153.936, 57.588, 199.265, 108.049]
455.92,[912.65, 547.742, 1092.925, 701.878, 565.518, 757.238, 245.727, 486.339, 133.589, 95.196, 171.209, 96.897, 186.136, 94.25, 77.387, 130.558, 163.04, 39.991, 133.502, 70.268]
457.42,[907.271, 571.938, 987.006, 718.742, 623.298, 575.317, 168.553, 450.942, 120.399, 85.725, 161.647, 96.159, 176.151, 48.766, 78.851, 150.605, 169.27, 55.625, 135.467, 91.228]
457.63,[1066.61, 492.429, 804.652, 536.773, 562.337, 740.154, 392.753, 276.261, 94.166, 128.192, 64.522, 58.02, 134.994, 20.0, 91.078, 143.416, 107.118, 20.305, 196.354, 103.644]
458.59,[932.24, 340.992, 848.829, 650.002, 598.356, 532.274, 300.984, 524.982, 77.096, 101.019, 107.084, 30.484, 127.104, 20.057, 106.483, 126.755, 136.522, 78.83, 201.919, 57.85]
458.61,[879.797, 910.152, 579.063, 505.027, 655.611, 538.563, 266.782, 446.001, 146.481, 131.293, 109.258, 44.18, 84.538, 89.667, 69.813, 141.022, 143.024, 34.032, 187.255, 30.037]
460.33,[989.25, 439.583, 947.588, 679.055, 458.705, 1225.555, 626.847, 486.712, 98.312, 116.955, 162.538, 87.063, 186.405, 63.008, 94.235, 69.173, 103.666, 71.071, 81.326, 97.31]
460.81,[917.743, 463.987, 858.44, 495.64, 782.448, 440.888, 289.746, 504.425, 83.628, 98.692, 170.604, 36.361, 116.328, 57.717, 74.026, 140.568, 154.447, 76.479, 198.889, 82.69]
461.71,[930.133, 441.857, 853.893, 659.788, 746.631, 451.519, 274.076, 516.726, 83.293, 97.436, 127.2, 27.621, 123.94, 20.902, 67.841, 153.563, 153.641, 73.522, 199.022, 49.189]
462.65,[1054.408, 677.58, 582.854, 783.215, 198.474, 473.8, 612.597, 498.444, 69.444, 122.366, 134.68, 52.918, 84.251, 95.565, 51.994, 99.853, 124.625, 52.177, 118.534, 24.966]
462.78,[987.263, 652.659, 688.961, 633.984, 591.719, 503.438, 263.832, 535.712, 82.021, 117.066, 136.121, 36.881, 100.604, 43.19, 26.723, 138.116, 144.05, 26.859, 184.655, 50.148]
463.35,[913.571, 448.659, 715.995, 390.608, 321.551, 478.537, 489.104, 514.136, 77.457, 142.838, 111.798, 140.897, 113.827, 106.866, 132.066, 127.572, 87.158, 98.675, 129.666, 166.607]
463.37,[888.571, 370.695, 939.36, 561.822, 439.456, 654.051, 418.294, 410.063, 89.056, 152.11, 65.706, 60.666, 184.77, 44.519, 139.185, 160.77, 65.707, 41.515, 189.86, 80.823]
463.59,[862.609, 336.041, 561.679, 662.031, 219.445, 266.371, 678.04, 695.103, 121.899, 26.365, 76.264, 188.962, 168.99, 149.381, 177.552, 58.172, 43.247, 71.633, 47.355, 31.522]
463.60,[921.983, 762.919, 735.629, 515.701, 576.462, 532.22, 212.606, 450.727, 76.793, 128.193, 156.65, 24.829, 122.684, 28.17, 20.322, 169.041, 175.13, 20.34, 195.974, 46.885]
463.63,[1000.0, 686.828, 724.123, 622.673, 595.636, 553.934, 263.257, 509.362, 76.462, 110.051, 133.115, 33.085, 115.88, 49.715, 20.0, 139.976, 139.564, 31.513, 181.71, 57.496]
464.15,[998.07, 675.47, 666.777, 564.415, 503.47, 544.876, 308.814, 490.543, 83.084, 107.029, 122.416, 21.073, 95.362, 43.012, 31.489, 147.15, 163.998, 30.35, 185.349, 47.76]
464.18,[880.977, 573.684, 631.377, 462.706, 325.033, 718.045, 327.175, 530.797, 48.58, 79.701, 98.971, 140.788, 116.832, 103.449, 123.014, 128.108, 104.264, 158.221, 177.281, 142.462]
464.46,[874.622, 598.95, 608.772, 387.939, 392.6, 300.666, 663.316, 861.783, 105.042, 131.547, 135.871, 74.958, 136.548, 178.268, 84.392, 200.0, 101.497, 101.241, 73.034, 151.033]
464.80,[1000.0, 584.505, 732.35, 674.184, 652.528, 571.016, 285.433, 537.131, 90.466, 107.472, 141.595, 34.006, 89.593, 51.812, 44.352, 143.534, 131.26, 31.78, 183.727, 58.291]
465.03,[937.468, 159.011, 992.565, 640.623, 451.905, 523.111, 301.426, 480.533, 77.174, 137.419, 89.135, 33.207, 129.097, 20.0, 211.728, 113.894, 70.822, 61.335, 189.209, 123.685]
466.32,[775.618, 639.773, 738.78, 693.959, 781.599, 645.188, 456.743, 349.463, 79.771, 139.929, 133.765, 20.0, 85.515, 54.134, 48.679, 110.734, 170.988, 63.006, 188.737, 20.0]
467.20,[973.56, 680.788, 725.404, 653.8, 619.696, 563.51, 258.136, 535.292, 94.677, 116.011, 138.21, 27.178, 109.812, 32.559, 20.0, 132.778, 135.853, 24.91, 189.27, 69.133]
467.67,[839.701, 223.744, 892.428, 458.434, 510.58, 843.513, 547.835, 210.061, 114.392, 125.353, 51.433, 97.035, 156.004, 20.0, 117.723, 166.649, 93.539, 20.0, 158.601, 144.241]
467.68,[1000.0, 649.811, 701.192, 601.82, 641.995, 502.548, 190.749, 554.206, 91.728, 108.277, 132.342, 31.517, 98.622, 41.652, 20.0, 149.907, 154.263, 25.364, 183.078, 51.94]
467.86,[773.4, 473.498, 606.736, 435.611, 532.406, 338.629, 234.323, 490.801, 114.11, 98.322, 147.712, 33.615, 133.0, 22.115, 20.0, 136.672, 140.275, 61.562, 208.325, 83.335]
467.96,[740.599, 971.833, 716.533, 568.115, 600.331, 707.631, 471.493, 455.426, 63.141, 182.947, 63.779, 110.149, 107.275, 123.861, 171.326, 141.419, 30.044, 160.152, 190.438, 113.34]
468.10,[939.904, 552.399, 757.155, 770.526, 730.526, 413.15, 241.332, 546.268, 96.747, 106.242, 172.969, 30.191, 166.198, 24.508, 28.738, 144.693, 151.966, 76.521, 161.115, 62.339]
468.29,[1000.0, 654.165, 686.479, 598.666, 649.499, 507.49, 194.28, 555.185, 89.62, 108.56, 130.187, 32.213, 95.229, 44.67, 20.0, 149.1, 155.176, 24.594, 181.242, 52.438]
468.69,[880.443, 771.31, 632.205, 693.201, 521.276, 494.195, 392.263, 341.402, 87.451, 118.743, 91.252, 20.0, 97.915, 100.847, 23.755, 121.958, 148.786, 20.0, 165.209, 80.103]
468.96,[635.397, 676.739, 851.409, 607.545, 539.553, 631.295, 556.789, 329.324, 37.741, 83.292, 141.35, 143.305, 197.553, 86.344, 99.006, 172.612, 85.961, 170.832, 179.367, 158.234]
469.60,[734.665, 976.272, 568.145, 518.717, 492.024, 561.266, 150.0, 381.67, 152.546, 123.006, 138.149, 64.303, 77.962, 118.016, 84.792, 146.968, 144.034, 23.742, 204.371, 33.403]
471.99,[987.89, 655.107, 689.906, 634.141, 594.582, 505.556, 260.279, 533.931, 81.714, 117.757, 136.624, 35.708, 100.141, 42.39, 25.565, 138.727, 144.761, 26.501, 185.707, 50.28]
472.03,[990.922, 647.152, 834.806, 494.883, 662.732, 411.837, 171.991, 670.602, 108.156, 99.488, 146.465, 23.668, 126.59, 71.26, 44.339, 154.244, 142.951, 65.106, 200.0, 55.383]
472.30,[942.481, 519.688, 892.074, 705.126, 465.241, 482.291, 395.777, 584.489, 83.278, 67.844, 137.606, 76.451, 119.84, 35.09, 85.893, 180.714, 149.551, 43.443, 206.648, 56.908]
472.47,[699.524, 539.896, 640.376, 336.632, 641.01, 1007.156, 812.326, 159.257, 42.066, 30.692, 54.178, 133.464, 95.066, 141.584, 103.246, 107.341, 35.222, 164.922, 137.086, 232.676]
473.57,[907.787, 429.483, 723.431, 339.022, 303.622, 449.363, 487.081, 555.847, 83.37, 143.004, 116.982, 147.127, 108.41, 106.247, 129.826, 130.397, 79.334, 105.864, 127.016, 163.459]
473.88,[1003.888, 620.753, 803.557, 493.434, 664.469, 424.258, 258.732, 670.491, 112.149, 91.952, 147.818, 29.186, 115.64, 71.323, 47.852, 161.224, 133.031, 69.209, 201.047, 54.324]
474.14,[897.347, 862.439, 676.39, 527.707, 562.253, 613.662, 762.759, 496.228, 45.073, 114.743, 121.817, 94.682, 214.89, 193.167, 55.949, 213.824, 48.606, 210.754, 104.336, 164.492]
475.05,[1120.484, 792.517, 841.536, 593.36, 506.871, 552.983, 283.0, 554.144, 103.819, 95.961, 105.51, 29.356, 87.429, 35.83, 34.088, 146.81, 137.155, 43.389, 225.356, 77.683]
475.66,[889.801, 704.989, 750.065, 692.641, 560.906, 494.279, 404.542, 546.131, 121.054, 109.268, 157.02, 20.0, 101.333, 71.238, 30.862, 180.604, 121.618, 28.031, 190.692, 63.846]
476.02,[1011.326, 835.316, 645.373, 648.833, 665.273, 541.882, 267.862, 494.179, 91.325, 109.165, 127.115, 28.246, 79.178, 47.741, 39.631, 140.328, 140.089, 34.57, 179.03, 48.568]
476.84,[763.323, 812.515, 789.027, 861.211, 623.101, 713.536, 275.164, 514.444, 156.293, 81.993, 148.414, 92.055, 97.473, 71.884, 67.6, 120.998, 127.143, 27.716, 105.022, 77.304]
477.07,[958.74, 530.528, 702.266, 527.74, 474.464, 588.511, 269.678, 420.899, 75.161, 131.821, 104.082, 20.0, 121.612, 52.352, 47.469, 169.472, 117.713, 21.136, 199.302, 53.073]
477.10,[905.005, 754.689, 788.033, 609.939, 585.51, 430.406, 322.522, 541.353, 120.361, 114.374, 134.662, 41.874, 97.918, 20.04, 20.563, 122.504, 146.265, 37.355, 174.531, 51.594]
477.13,[912.593, 758.181, 680.358, 510.819, 590.03, 628.749, 315.062, 523.086, 93.908, 127.848, 115.274, 56.901, 121.903, 24.816, 24.958, 184.323, 160.363, 74.231, 191.033, 68.095]
477.75,[1000.0, 641.477, 715.174, 628.899, 597.817, 517.756, 288.564, 516.813, 84.019, 111.862, 124.367, 27.927, 100.046, 40.936, 20.0, 136.959, 135.827, 30.299, 186.614, 50.235]
477.87,[1011.887, 792.997, 614.404, 595.835, 679.577, 588.153, 260.721, 526.749, 84.376, 126.096, 174.362, 28.119, 114.917, 20.0, 20.0, 125.115, 127.342, 29.709, 145.899, 71.025]
478.04,[1000.0, 615.299, 780.699, 594.515, 610.314, 385.956, 325.8, 525.646, 80.318, 132.86, 123.486, 25.415, 110.887, 33.762, 33.64, 138.132, 139.64, 24.423, 182.331, 59.111]
478.47,[988.142, 322.362, 807.522, 436.677, 447.881, 716.109, 493.395, 174.713, 101.358, 132.703, 35.899, 90.759, 148.474, 23.975, 150.482, 164.031, 78.21, 36.266, 164.936, 135.918]
478.66,[877.988, 593.78, 616.788, 381.614, 395.069, 290.929, 662.504, 855.551, 105.31, 132.123, 137.124, 73.056, 140.181, 178.833, 81.36, 199.899, 101.135, 101.243, 73.692, 152.226]
478.95,[1153.211, 521.356, 698.549, 452.601, 607.776, 491.114, 403.048, 460.926, 104.232, 80.271, 114.686, 61.004, 98.058, 55.47, 109.875, 143.493, 142.349, 49.777, 179.015, 47.536]
478.95,[998.118, 307.808, 641.277, 449.875, 287.686, 461.01, 503.818, 704.999, 73.093, 146.82, 102.264, 166.177, 119.806, 99.035, 116.276, 141.184, 40.478, 105.459, 113.628, 142.372]

   99.2604	:   42.8134
  240.7904	:  131.3264
  358.4261	:  274.2032
  632.6594	:  337.4896
  651.1873	:  375.6689
  665.1359	:  509.5150
  702.6058	:  707.2258
  812.3710	:  758.0328
  951.7321	:  781.8466
  956.1963	:  818.3986
  969.3393	:  829.1633
 1042.7615	:  952.0040
 1105.3860	: 1058.9667
 1129.7312	: 1072.7222
 1153.0882	: 1101.5443
 1189.1864	: 1124.7274
 1201.9653	: 1197.7729
 1333.3772	: 1224.2575
 1370.1066	: 1297.4573
 1456.1490	: 1408.6216
 1497.4866	: 1729.5189
 1512.9361	: 1910.6103
 1538.0138	: 2096.6711
 1549.6255	: 2188.2650
 1655.9560	: 2399.7625
 1705.6855	: 2713.6172
 3095.5158	: 2890.3706
 3196.8222	: 2956.1572
 3204.2605	: 3069.2788
 3301.8288	: 3380.0575
 3303.1262	: 3521.8820
 3323.7568	: 3685.0268
 3675.4643	: 6210.0905

    0.4313
    0.5454
    0.7650
    0.5334
    0.5769
    0.7660
    1.0066
    0.9331
    0.8215
    0.8559
    0.8554
    0.9130
    0.9580
    0.9495
    0.9553
    0.9458
    0.9965
    0.9182
    0.9470
    0.9674
    1.1549
    1.2628
    1.3632
    1.4121
    1.4492
    1.5909
    0.9337
    0.9247
    0.9579
    1.0237
    1.0662
    1.1087
    1.6896

set im1hb1 950.87
set im1hb2 682.21
set im1hb3 727.77
set im1hb4 657.27
set im1hb5 575.53
set im1hb6 501.23
set im1hb7 257.80
set im1hb8 520.23
set im1ha1 86.86
set im1ha2 108.42
set im1ha3 134.06
set im1ha4 35.03
set im1ha5 98.97
set im1ha6 47.99
set im1ha7 33.44
set im1ha8 140.95
set im1ha9 130.48
set im1ha10 22.19
set im1ha11 188.31
set im1ha12 58.67
