Generation 3523
37.47,[351.31, 344.3, 261.65, 392.69, 387.33, 480.61, 256.27, 421.93, 328.25, 34.01, 34.22, 45.02, 32.81, 30.31, 46.15, 35.93, 62.0, 46.79, 31.33, 18.4, 188.15, 100.12, 103.23, -2.83, 0.27, -1.15, -4.7, -0.02, 3.83, 1.42, -0.17, 5.53, 2.5, -0.18, -17.63, -0.89, -8.17, 1.6, -0.89, 17.36, 1.99, -1.65]
43.22,[353.52, 342.67, 253.59, 393.51, 388.11, 481.23, 251.75, 420.41, 328.18, 33.94, 34.15, 44.73, 32.79, 30.32, 46.1, 35.68, 61.99, 47.05, 31.53, 18.34, 100.37, 100.7, 100.13, -2.87, 0.35, -1.1, -4.8, -0.04, 3.86, 1.33, -0.17, 5.57, 2.56, -0.23, -17.46, -0.87, -8.31, 1.7, -0.87, 17.31, 1.97, -1.63]
43.75,[353.54, 338.53, 243.27, 394.55, 391.24, 484.68, 250.79, 425.33, 319.71, 33.65, 33.78, 44.63, 32.33, 29.58, 47.05, 35.88, 61.86, 46.85, 31.69, 17.64, 99.02, 101.28, 100.05, -2.91, 0.24, -1.19, -5.09, 0.03, 3.7, 1.22, -0.25, 5.66, 2.54, -0.45, -17.68, -0.73, -8.64, 1.84, -0.93, 17.56, 1.89, -1.62]
43.84,[353.0, 343.15, 260.25, 393.35, 387.66, 482.56, 253.31, 421.63, 328.63, 33.97, 34.17, 44.75, 32.92, 30.41, 46.08, 35.9, 61.91, 47.03, 31.44, 18.37, 100.0, 99.94, 100.0, -2.88, 0.36, -1.1, -4.68, -0.01, 3.87, 1.41, -0.19, 5.61, 2.58, -0.21, -17.49, -0.88, -8.16, 1.72, -0.94, 17.38, 1.99, -1.67]
43.98,[350.25, 343.73, 259.3, 388.59, 385.58, 480.72, 255.34, 414.86, 323.62, 34.8, 33.78, 45.48, 33.12, 32.67, 46.72, 36.39, 61.74, 46.08, 31.63, 18.66, 94.3, 99.4, 96.22, -2.62, 0.31, -1.14, -4.4, 0.1, 4.2, 2.03, -0.25, 5.49, 2.44, -0.3, -16.57, -2.18, -8.06, 1.68, -1.66, 16.49, 2.45, -2.34]
44.84,[351.43, 346.93, 303.03, 396.93, 382.93, 494.66, 265.22, 422.22, 336.33, 34.54, 34.88, 45.09, 33.94, 31.99, 45.12, 34.83, 62.92, 46.57, 32.08, 19.21, 110.56, 99.48, 100.41, -2.71, 0.54, -0.6, -3.78, -0.13, 4.0, 1.56, -0.11, 5.26, 2.57, 0.54, -16.95, 0.45, -7.67, 1.48, -0.47, 17.47, 2.47, -1.71]
45.39,[354.96, 347.15, 241.14, 394.05, 387.82, 500.75, 255.69, 420.14, 328.92, 33.77, 34.1, 45.12, 32.9, 30.33, 45.66, 35.2, 61.84, 45.9, 31.47, 18.3, 119.63, 99.49, 100.62, -2.88, 0.42, -1.01, -4.71, -0.03, 3.75, 1.57, -0.26, 5.58, 3.32, -0.27, -17.47, 0.08, -8.17, 1.56, -0.61, 17.04, 2.04, -2.07]
46.19,[353.0, 347.32, 250.96, 392.94, 385.9, 489.82, 245.27, 422.73, 319.37, 34.07, 33.0, 44.38, 33.06, 32.44, 46.91, 37.78, 61.49, 45.95, 31.49, 18.04, 91.54, 99.69, 94.6, -3.34, 0.35, -1.04, -4.66, 0.32, 4.45, 1.52, -0.19, 5.52, 2.38, -0.82, -17.08, -1.93, -7.99, 1.91, -2.65, 18.64, 2.37, -1.28]
46.19,[354.51, 348.69, 313.97, 405.7, 388.6, 485.56, 277.58, 418.44, 352.75, 34.6, 35.52, 44.44, 33.49, 31.25, 45.07, 36.08, 62.19, 44.49, 31.15, 18.16, 127.91, 99.46, 100.8, -2.74, 0.44, -1.01, -4.57, -0.27, 3.29, 1.14, 0.13, 5.1, 2.71, 0.39, -17.36, 1.08, -8.11, 1.24, 0.53, 17.28, 2.44, -1.93]
46.59,[351.95, 344.98, 253.79, 385.26, 385.09, 481.02, 248.72, 418.12, 319.15, 34.93, 33.21, 45.34, 33.14, 33.57, 47.25, 36.28, 61.82, 45.75, 31.72, 18.7, 90.53, 100.02, 94.31, -2.84, 0.24, -1.0, -4.44, 0.33, 4.58, 2.09, -0.33, 5.58, 2.44, -0.68, -16.89, -3.09, -8.04, 1.66, -2.18, 16.33, 2.42, -2.84]
46.62,[351.85, 344.74, 254.63, 384.99, 385.01, 480.19, 248.99, 418.16, 319.23, 34.96, 33.18, 45.34, 33.15, 33.64, 47.33, 36.32, 61.83, 45.77, 31.72, 18.73, 88.03, 100.06, 94.14, -2.84, 0.24, -1.0, -4.44, 0.34, 4.62, 2.07, -0.36, 5.6, 2.36, -0.68, -16.89, -3.18, -8.02, 1.67, -2.26, 16.33, 2.47, -2.85]
46.67,[351.89, 344.84, 254.3, 385.1, 385.04, 480.52, 248.89, 418.15, 319.2, 34.95, 33.19, 45.34, 33.15, 33.61, 47.3, 36.3, 61.83, 45.76, 31.72, 18.71, 89.01, 100.04, 94.21, -2.84, 0.24, -1.0, -4.44, 0.34, 4.6, 2.08, -0.35, 5.6, 2.39, -0.68, -16.89, -3.14, -8.03, 1.66, -2.23, 16.33, 2.45, -2.85]
46.71,[352.78, 350.03, 278.53, 399.94, 386.8, 492.74, 265.81, 420.32, 329.2, 34.08, 34.16, 44.83, 33.25, 28.08, 45.23, 34.43, 61.67, 45.24, 32.09, 18.53, 99.98, 98.75, 99.22, -2.3, 0.58, -0.55, -4.73, -0.32, 3.78, 1.22, 0.23, 5.23, 2.52, 0.63, -17.87, 1.15, -7.58, 1.38, 0.27, 17.0, 2.95, -2.07]
46.71,[351.99, 345.08, 253.46, 385.37, 385.12, 481.35, 248.61, 418.1, 319.11, 34.92, 33.22, 45.34, 33.14, 33.55, 47.22, 36.26, 61.82, 45.74, 31.72, 18.69, 91.52, 100.0, 94.37, -2.84, 0.25, -1.0, -4.45, 0.33, 4.56, 2.09, -0.33, 5.58, 2.47, -0.67, -16.89, -3.06, -8.04, 1.66, -2.15, 16.33, 2.39, -2.84]
46.91,[352.8, 344.61, 257.49, 390.66, 386.25, 486.83, 249.55, 422.36, 323.23, 33.85, 33.5, 44.34, 33.03, 31.87, 46.26, 36.7, 61.85, 46.01, 31.63, 17.91, 93.53, 99.51, 94.93, -2.98, 0.35, -1.0, -4.09, 0.16, 4.46, 1.51, -0.17, 5.78, 2.4, -0.45, -16.71, -1.6, -7.76, 1.69, -2.17, 18.25, 2.31, -1.31]
47.26,[353.91, 344.09, 242.55, 387.79, 386.95, 493.91, 246.7, 422.86, 315.7, 33.64, 32.97, 44.23, 32.59, 32.46, 47.61, 37.32, 61.77, 45.49, 31.83, 17.68, 87.25, 100.32, 94.22, -3.05, 0.31, -0.95, -4.57, 0.22, 4.54, 1.53, -0.19, 5.88, 2.44, -0.68, -17.55, -2.03, -7.86, 1.78, -2.33, 19.23, 2.1, -1.61]
47.27,[352.85, 344.72, 252.3, 388.84, 385.4, 490.29, 248.85, 422.92, 321.45, 33.85, 33.24, 44.15, 32.85, 32.28, 47.12, 37.23, 61.81, 45.75, 31.76, 17.84, 91.8, 99.57, 94.34, -3.03, 0.34, -0.96, -4.39, 0.17, 4.51, 1.58, -0.2, 5.8, 2.4, -0.51, -16.84, -1.66, -7.95, 1.74, -2.2, 18.86, 2.36, -1.22]
47.31,[351.89, 343.76, 222.12, 385.05, 387.84, 480.21, 246.28, 419.24, 324.92, 34.81, 33.06, 45.22, 32.86, 33.41, 47.74, 36.42, 61.5, 45.43, 31.52, 18.56, 89.92, 99.98, 93.53, -2.79, 0.3, -1.05, -4.33, 0.25, 4.51, 2.13, -0.16, 5.66, 2.43, -0.73, -16.59, -3.08, -7.88, 1.85, -2.49, 16.49, 2.34, -3.03]
47.42,[352.58, 345.36, 252.89, 387.49, 384.57, 493.05, 248.26, 423.81, 319.61, 33.84, 32.98, 43.99, 32.88, 32.85, 47.41, 37.7, 61.75, 45.38, 31.81, 17.7, 89.32, 99.14, 92.69, -3.07, 0.33, -0.92, -4.26, 0.23, 4.7, 1.66, -0.21, 5.87, 2.36, -0.59, -16.67, -1.88, -7.82, 1.75, -2.59, 19.31, 2.48, -1.11]
47.65,[352.99, 359.62, 257.49, 398.97, 392.65, 487.61, 255.23, 464.64, 331.19, 33.88, 33.18, 43.23, 32.41, 30.93, 46.0, 36.91, 61.0, 46.35, 30.85, 18.72, 100.0, 97.49, 99.85, -1.85, 0.25, 0.04, -4.79, -0.03, 4.45, 1.3, -0.19, 5.56, 2.77, 0.83, -17.92, 1.02, -7.52, 0.66, -0.13, 18.32, 4.13, -1.84]
47.73,[350.42, 350.68, 239.72, 407.84, 390.88, 503.21, 256.97, 418.29, 326.85, 33.49, 33.14, 43.23, 32.8, 30.33, 44.82, 35.8, 60.33, 45.7, 32.38, 18.5, 99.95, 98.56, 99.83, -1.74, 0.38, 0.22, -4.87, -0.5, 4.2, 1.35, 0.33, 5.24, 2.21, 0.83, -17.36, 1.1, -6.88, 1.26, -0.17, 18.32, 3.8, -1.74]
47.80,[354.14, 346.38, 369.85, 388.99, 386.99, 481.48, 250.86, 420.85, 319.55, 34.53, 34.1, 45.09, 33.27, 35.94, 44.79, 36.43, 62.93, 44.35, 32.13, 18.64, 97.16, 99.89, 96.5, -2.67, 0.4, -1.1, -4.77, 0.27, 4.26, 1.97, -0.14, 5.47, 2.95, -0.96, -19.4, -2.97, -7.47, 1.77, -0.63, 16.67, 1.91, -2.04]
47.87,[352.79, 345.17, 220.81, 384.34, 384.95, 480.61, 248.15, 420.23, 323.24, 34.89, 33.06, 45.27, 32.75, 33.55, 47.71, 36.43, 61.52, 45.53, 31.67, 18.63, 90.06, 100.23, 93.51, -2.71, 0.33, -1.1, -4.33, 0.4, 4.58, 2.2, -0.19, 5.61, 2.44, -0.7, -16.59, -3.01, -7.91, 1.88, -2.53, 16.44, 2.52, -2.95]
48.05,[353.77, 342.43, 250.22, 393.6, 388.33, 480.56, 250.97, 419.79, 327.95, 33.92, 34.14, 44.71, 32.72, 30.28, 46.11, 35.57, 62.03, 47.05, 31.58, 18.33, 100.55, 101.08, 100.19, -2.87, 0.35, -1.1, -4.86, -0.05, 3.85, 1.29, -0.16, 5.54, 2.56, -0.24, -17.44, -0.87, -8.38, 1.69, -0.83, 17.28, 1.96, -1.61]
48.05,[353.77, 342.43, 250.22, 393.6, 388.33, 480.56, 250.97, 419.79, 327.95, 33.92, 34.14, 44.71, 32.72, 30.28, 46.11, 35.57, 62.03, 47.05, 31.58, 18.33, 100.55, 101.08, 100.19, -2.87, 0.35, -1.1, -4.86, -0.05, 3.85, 1.29, -0.16, 5.54, 2.56, -0.24, -17.44, -0.87, -8.38, 1.69, -0.83, 17.28, 1.96, -1.61]
48.30,[349.94, 350.38, 256.66, 398.11, 392.4, 485.46, 254.03, 420.76, 331.86, 33.88, 33.25, 43.19, 32.2, 30.49, 45.92, 35.89, 60.98, 46.46, 30.86, 18.44, 99.78, 100.04, 99.89, -2.48, 0.09, -0.44, -4.91, -0.08, 4.23, 1.47, -0.25, 5.52, 2.88, 0.91, -18.0, 0.66, -7.82, 1.4, -0.32, 17.25, 3.76, -1.84]
48.32,[352.81, 338.21, 262.04, 394.6, 378.14, 476.33, 267.63, 415.46, 335.46, 34.56, 35.65, 45.16, 34.47, 29.01, 40.89, 36.59, 61.79, 47.82, 31.27, 18.62, 174.98, 95.05, 98.65, -2.64, 0.41, -0.9, -2.99, -0.28, 3.2, 0.52, 0.05, 5.56, 2.14, -0.27, -9.74, 1.92, -8.24, 1.37, -1.37, 17.16, 2.4, -2.39]
48.37,[352.78, 345.17, 218.45, 384.31, 384.92, 480.63, 248.12, 420.22, 323.41, 34.89, 33.05, 45.27, 32.74, 33.56, 47.76, 36.43, 61.5, 45.52, 31.66, 18.63, 89.94, 100.24, 93.45, -2.71, 0.33, -1.1, -4.33, 0.4, 4.58, 2.21, -0.19, 5.61, 2.44, -0.71, -16.57, -3.02, -7.91, 1.88, -2.55, 16.45, 2.53, -2.96]
48.38,[355.22, 346.02, 265.19, 392.11, 391.41, 509.04, 262.35, 429.05, 343.0, 34.2, 35.21, 43.65, 35.04, 29.53, 45.32, 36.64, 61.4, 48.05, 32.31, 18.34, 99.99, 97.06, 99.53, -2.88, 0.27, -1.09, -3.47, -0.24, 3.11, 0.63, -0.07, 5.05, 2.16, -0.65, -21.75, -0.86, -7.62, 1.78, -2.1, 17.66, 0.61, -2.36]
48.42,[355.53, 345.69, 217.33, 390.52, 387.71, 508.19, 255.5, 420.14, 328.59, 34.1, 33.38, 45.25, 32.71, 28.92, 46.08, 35.55, 61.99, 46.04, 31.75, 18.15, 82.42, 100.56, 92.7, -2.72, 0.31, -1.01, -4.33, 0.35, 4.37, 1.41, -0.17, 5.57, 2.36, -0.57, -16.86, -1.39, -7.92, 1.55, 0.03, 16.65, 2.14, -2.43]
48.58,[353.18, 343.39, 416.39, 390.03, 387.86, 475.83, 255.36, 421.05, 316.46, 34.76, 34.53, 45.29, 33.3, 32.04, 43.5, 35.59, 63.15, 46.64, 32.04, 18.92, 100.0, 99.96, 100.18, -2.68, 0.39, -1.13, -4.72, 0.18, 3.87, 2.1, -0.16, 5.56, 2.27, -0.29, -17.97, -1.77, -8.28, 1.76, -0.01, 15.8, 1.46, -2.67]
48.58,[353.18, 338.32, 279.29, 395.17, 379.82, 482.33, 262.36, 415.03, 340.28, 34.65, 35.64, 44.72, 34.42, 30.2, 41.89, 37.03, 61.83, 47.12, 31.35, 18.75, 159.99, 95.62, 98.91, -2.68, 0.44, -0.92, -3.22, -0.27, 3.22, 0.79, -0.01, 5.51, 2.21, -0.24, -11.95, 0.85, -8.32, 1.42, -1.2, 17.31, 2.4, -2.18]
48.72,[351.04, 341.9, 307.84, 407.08, 375.29, 478.38, 264.97, 419.19, 353.63, 35.79, 35.55, 45.68, 35.32, 29.87, 41.41, 40.93, 61.28, 46.08, 30.86, 18.22, 120.59, 100.43, 100.79, -2.52, 0.17, -1.26, -3.12, 0.32, 3.8, 1.95, -0.45, 5.41, 2.38, 0.08, -15.79, -0.22, -6.94, 1.63, -1.7, 17.75, 2.02, -1.9]
48.92,[353.54, 344.09, 243.27, 387.79, 391.24, 493.91, 250.79, 422.86, 319.71, 33.64, 33.78, 44.23, 32.33, 32.46, 47.05, 37.32, 61.86, 45.49, 31.69, 17.68, 99.02, 100.32, 100.05, -3.05, 0.24, -0.95, -5.09, 0.22, 3.7, 1.53, -0.25, 5.88, 2.54, -0.68, -17.68, -2.03, -8.64, 1.78, -0.93, 19.23, 1.89, -1.61]
48.98,[352.83, 344.74, 251.94, 388.62, 385.35, 490.56, 248.64, 422.86, 320.95, 33.85, 33.21, 44.14, 32.84, 32.34, 47.16, 37.27, 61.82, 45.71, 31.77, 17.82, 91.53, 99.59, 94.29, -3.03, 0.33, -0.96, -4.39, 0.18, 4.53, 1.57, -0.2, 5.8, 2.4, -0.53, -16.87, -1.7, -7.94, 1.74, -2.23, 18.91, 2.37, -1.21]
49.13,[353.25, 337.97, 226.95, 395.18, 392.16, 485.71, 249.99, 425.97, 320.1, 33.42, 33.64, 44.53, 32.21, 30.44, 47.49, 35.95, 61.73, 47.22, 31.66, 17.71, 98.91, 101.43, 100.37, -2.97, 0.22, -1.19, -5.12, 0.02, 3.68, 1.06, -0.26, 5.69, 2.44, -0.7, -17.41, -1.0, -8.83, 1.87, -1.06, 17.81, 1.98, -1.52]
49.14,[352.44, 344.61, 261.08, 402.78, 389.66, 464.36, 257.61, 422.07, 342.99, 33.9, 34.4, 45.85, 33.63, 29.14, 46.59, 33.32, 62.2, 49.08, 32.01, 19.49, 123.77, 98.91, 99.05, -2.64, 0.48, -1.48, -4.89, -0.03, 3.35, 0.56, -0.02, 5.09, 2.38, 0.43, -16.91, 0.55, -8.67, 1.22, -1.05, 14.61, 1.86, -1.98]
49.20,[353.18, 338.33, 281.95, 393.25, 377.53, 477.88, 268.33, 414.83, 340.79, 34.69, 35.88, 45.09, 34.69, 29.76, 40.29, 36.97, 62.0, 47.35, 31.36, 18.52, 164.56, 94.67, 98.0, -2.66, 0.44, -0.88, -2.83, -0.21, 3.15, 0.6, 0.06, 5.61, 2.14, -0.46, -9.53, 1.48, -8.14, 1.44, -1.27, 17.47, 2.27, -2.58]
49.26,[352.88, 346.85, 252.54, 385.44, 384.94, 479.95, 249.56, 418.76, 324.21, 35.06, 33.41, 45.34, 33.22, 33.46, 46.73, 36.23, 62.11, 45.89, 31.72, 18.5, 92.32, 99.71, 94.77, -2.69, 0.32, -1.13, -4.21, 0.41, 4.52, 2.18, -0.27, 5.53, 2.61, -0.46, -17.33, -2.56, -7.69, 1.83, -2.17, 16.87, 2.29, -2.86]
49.34,[354.26, 340.75, 241.78, 395.16, 390.09, 457.32, 261.38, 425.05, 359.37, 32.9, 34.69, 45.67, 33.7, 30.3, 44.54, 32.78, 62.05, 48.78, 31.71, 20.11, 112.71, 100.03, 105.9, -2.4, 0.45, -1.53, -4.9, -0.07, 3.03, 1.1, -0.08, 5.07, 2.31, 0.3, -17.4, 0.64, -8.6, 1.26, 1.42, 12.87, 1.86, -2.03]
49.34,[352.87, 344.65, 253.41, 389.02, 385.33, 489.75, 249.3, 422.72, 321.23, 33.88, 33.25, 44.19, 32.86, 32.15, 47.11, 37.16, 61.83, 45.82, 31.78, 17.87, 91.78, 99.58, 94.43, -3.02, 0.34, -0.97, -4.4, 0.16, 4.51, 1.57, -0.19, 5.78, 2.41, -0.49, -16.91, -1.61, -7.94, 1.74, -2.15, 18.76, 2.37, -1.22]
49.37,[352.49, 337.02, 231.17, 381.36, 400.24, 489.44, 266.93, 421.02, 337.76, 35.1, 33.86, 45.51, 27.48, 27.27, 44.97, 37.04, 59.81, 44.32, 35.64, 18.03, 100.0, 101.38, 100.0, -2.68, 0.28, 0.13, -2.93, 0.25, 3.0, 0.09, -0.59, 4.83, 1.32, -0.48, -16.27, 1.77, -10.31, 1.34, 0.47, 17.23, 1.52, -2.1]
49.42,[353.11, 343.26, 389.07, 395.01, 385.77, 478.16, 256.34, 414.25, 360.26, 34.84, 35.36, 45.22, 33.74, 32.05, 42.81, 35.72, 63.15, 46.68, 31.92, 18.88, 118.99, 96.91, 99.46, -2.65, 0.48, -1.32, -4.08, 0.35, 3.28, 1.59, -0.11, 5.35, 2.36, -0.66, -17.12, -1.65, -7.98, 1.67, -0.35, 15.8, 0.67, -2.78]
49.68,[351.87, 346.45, 435.6, 387.43, 389.45, 476.37, 254.92, 421.57, 320.19, 35.05, 34.47, 45.66, 33.39, 37.8, 43.55, 36.18, 63.7, 43.83, 32.6, 19.3, 100.0, 100.0, 97.26, -2.44, 0.35, -0.99, -5.01, 0.41, 4.49, 2.28, -0.2, 5.69, 3.37, -0.73, -20.37, -3.38, -7.1, 1.52, 0.5, 15.72, 1.58, -2.56]
49.74,[354.4, 357.12, 274.65, 396.19, 372.62, 482.34, 258.53, 410.88, 359.39, 35.68, 35.95, 45.61, 35.91, 31.78, 43.37, 34.42, 64.39, 48.94, 31.45, 17.17, 100.0, 96.23, 99.63, -2.84, 0.27, -1.0, -3.24, 0.29, 3.51, 2.19, -0.33, 5.21, 4.05, 1.56, -20.52, 1.67, -6.87, 1.29, -1.08, 18.54, 1.25, -1.77]
49.85,[353.09, 344.88, 244.95, 389.08, 391.39, 492.85, 251.19, 422.6, 321.24, 33.67, 33.72, 44.1, 32.32, 32.21, 46.91, 37.14, 61.75, 45.61, 31.59, 17.77, 99.11, 100.29, 100.03, -2.98, 0.22, -0.88, -5.07, 0.18, 3.77, 1.52, -0.25, 5.84, 2.59, -0.48, -17.72, -1.69, -8.54, 1.73, -0.85, 18.98, 2.13, -1.64]
49.86,[352.83, 345.16, 251.94, 384.65, 385.35, 480.33, 248.64, 420.26, 320.95, 34.87, 33.21, 45.28, 32.84, 33.48, 47.16, 36.37, 61.82, 45.59, 31.77, 18.64, 91.53, 100.21, 94.29, -2.71, 0.33, -1.11, -4.39, 0.39, 4.53, 2.18, -0.2, 5.6, 2.4, -0.68, -16.87, -2.95, -7.94, 1.87, -2.23, 16.41, 2.37, -2.94]
49.88,[354.67, 357.27, 274.8, 396.3, 372.61, 482.39, 258.09, 410.94, 359.39, 35.73, 35.92, 45.6, 35.88, 31.82, 43.4, 34.42, 64.35, 48.9, 31.47, 17.14, 106.4, 96.26, 99.65, -2.84, 0.25, -1.02, -3.23, 0.27, 3.51, 2.17, -0.32, 5.18, 4.02, 1.53, -20.5, 1.62, -6.9, 1.26, -1.1, 18.51, 1.23, -1.78]
49.93,[351.28, 348.12, 334.65, 398.02, 381.46, 490.97, 274.35, 419.56, 337.38, 34.35, 34.93, 45.17, 33.73, 33.92, 44.14, 30.31, 62.98, 45.11, 32.1, 18.87, 98.76, 97.97, 96.81, -2.72, 0.49, -0.69, -3.62, 0.06, 3.66, 1.34, -0.09, 5.25, 2.73, 0.42, -16.7, 0.36, -5.69, 1.41, 0.15, 15.48, 2.5, -2.62]
49.98,[353.06, 345.1, 436.16, 386.54, 387.76, 478.66, 251.52, 420.45, 307.42, 34.77, 34.04, 45.34, 33.37, 33.02, 43.9, 36.05, 63.56, 45.95, 32.38, 18.73, 100.26, 100.08, 98.93, -2.7, 0.38, -1.15, -4.75, 0.35, 4.26, 2.01, -0.26, 5.55, 2.14, -0.57, -18.52, -2.58, -8.13, 1.8, -0.49, 16.22, 1.51, -2.84]
50.15,[353.3, 343.05, 396.33, 394.82, 386.2, 476.28, 255.52, 413.47, 362.27, 34.85, 35.38, 45.22, 33.69, 31.89, 42.62, 35.78, 63.13, 46.65, 31.88, 18.82, 119.35, 96.66, 99.33, -2.64, 0.48, -1.39, -4.15, 0.39, 3.21, 1.58, -0.1, 5.36, 2.35, -0.77, -17.18, -1.82, -8.01, 1.68, -0.31, 15.61, 0.53, -2.89]
50.16,[349.38, 339.08, 337.84, 394.59, 371.41, 481.54, 265.0, 421.38, 367.02, 34.67, 35.09, 45.85, 36.83, 30.31, 39.76, 39.81, 61.61, 46.27, 31.08, 18.54, 100.0, 97.13, 100.0, -1.84, 0.4, -1.19, -3.94, 0.02, 3.75, 1.96, -0.3, 5.43, 2.4, 0.43, -14.99, -0.5, -7.91, 1.87, -2.2, 16.18, 2.37, -1.66]
50.17,[354.06, 349.98, 296.47, 394.51, 383.39, 484.17, 275.04, 422.31, 328.46, 34.41, 34.71, 46.0, 33.43, 25.95, 45.47, 33.27, 62.45, 44.8, 31.98, 18.41, 89.71, 99.16, 98.51, -2.59, 0.74, -1.0, -4.62, -0.2, 3.51, 1.14, 0.23, 5.25, 2.77, 0.63, -18.24, 1.49, -8.19, 1.48, 0.75, 15.91, 2.42, -2.29]
50.23,[353.09, 344.04, 406.04, 395.28, 387.07, 478.2, 254.44, 414.15, 363.34, 34.86, 35.28, 45.24, 33.59, 32.41, 43.21, 35.52, 63.34, 46.58, 32.01, 18.93, 111.77, 97.26, 99.69, -2.65, 0.49, -1.39, -4.28, 0.44, 3.3, 1.75, -0.13, 5.3, 2.39, -0.69, -18.32, -2.14, -7.95, 1.7, -0.2, 15.54, 0.42, -2.81]
50.27,[355.59, 341.93, 249.36, 385.96, 385.84, 484.87, 258.26, 420.01, 313.16, 35.99, 33.27, 46.16, 32.4, 31.62, 45.95, 33.12, 63.66, 45.22, 31.59, 17.7, 107.25, 99.07, 100.36, -2.26, 0.15, -0.96, -6.21, 0.41, 4.55, 2.16, -0.14, 5.66, 2.65, 0.38, -23.2, -1.65, -7.82, 1.4, -4.76, 18.04, 1.09, -1.5]
50.27,[355.59, 341.93, 249.36, 385.96, 385.84, 484.87, 258.26, 420.01, 313.16, 35.99, 33.27, 46.16, 32.4, 31.62, 45.95, 33.12, 63.66, 45.22, 31.59, 17.7, 107.25, 99.07, 100.36, -2.26, 0.15, -0.96, -6.21, 0.41, 4.55, 2.16, -0.14, 5.66, 2.65, 0.38, -23.2, -1.65, -7.82, 1.4, -4.76, 18.04, 1.09, -1.5]
50.27,[351.74, 347.16, 284.4, 404.03, 389.49, 491.78, 255.21, 413.48, 372.22, 35.06, 34.41, 45.1, 33.17, 30.65, 46.51, 35.06, 61.69, 45.07, 31.7, 16.24, 164.77, 99.0, 101.93, -2.87, 0.68, -1.07, -4.68, 0.01, 3.38, 1.12, 0.06, 5.58, 2.02, 0.08, -22.08, -0.2, -7.73, 1.38, -0.24, 18.92, 1.4, -1.92]
50.39,[353.21, 351.65, 291.48, 391.99, 383.35, 503.17, 275.46, 418.85, 334.07, 33.6, 34.37, 46.01, 33.61, 28.92, 45.42, 30.8, 61.47, 46.53, 31.95, 18.57, 91.23, 99.24, 98.64, -2.63, 0.59, -1.06, -4.66, -0.22, 3.29, 0.08, 0.16, 5.24, 2.39, 0.59, -16.54, 1.19, -8.45, 1.4, 0.61, 16.29, 2.44, -2.62]
50.39,[352.66, 339.52, 249.95, 382.04, 386.74, 481.58, 245.57, 425.24, 310.08, 34.25, 32.51, 45.08, 31.58, 33.51, 48.62, 36.84, 60.83, 44.59, 31.93, 19.12, 88.89, 101.89, 92.71, -2.78, 0.37, -1.05, -4.99, 0.33, 4.58, 2.16, 0.01, 5.84, 1.69, -1.44, -15.33, -4.25, -8.77, 2.0, -2.43, 14.87, 2.64, -3.21]
50.43,[354.75, 345.59, 426.49, 386.89, 387.71, 477.85, 253.02, 420.41, 307.44, 34.81, 34.64, 45.41, 33.49, 34.97, 43.55, 36.09, 63.75, 43.02, 32.49, 18.85, 100.24, 100.03, 99.56, -2.08, 0.39, -1.13, -4.83, 0.19, 4.16, 2.32, -0.18, 5.49, 3.39, -1.18, -18.82, -3.62, -8.16, 1.76, -0.13, 15.62, 1.66, -2.32]
50.63,[349.76, 340.07, 302.62, 404.48, 389.41, 469.36, 250.41, 418.3, 360.66, 35.38, 36.27, 45.01, 33.97, 27.04, 43.57, 34.78, 61.61, 50.59, 30.86, 20.1, 200.43, 92.32, 103.0, -2.59, 0.36, -0.78, -3.84, -0.09, 4.3, 1.23, -0.17, 5.08, 2.31, 0.29, -17.8, -0.91, -9.07, 1.34, -1.66, 15.94, 1.05, -1.47]
50.68,[352.68, 343.4, 248.98, 404.15, 389.33, 466.98, 251.16, 413.82, 326.76, 33.97, 33.85, 45.68, 32.62, 26.65, 46.91, 32.93, 61.12, 49.77, 30.81, 19.4, 100.0, 99.17, 100.0, -2.53, 0.29, -1.54, -4.93, -0.36, 3.64, 1.12, -0.09, 5.27, 2.56, 0.81, -18.13, 1.72, -8.46, 1.24, -1.16, 13.79, 1.86, -1.35]
50.73,[353.2, 337.54, 264.98, 392.97, 376.22, 477.84, 270.23, 414.92, 337.71, 34.66, 35.96, 45.06, 34.84, 29.4, 39.89, 37.17, 61.81, 47.46, 31.27, 18.47, 171.78, 94.31, 97.76, -2.66, 0.43, -0.81, -2.63, -0.29, 3.13, 0.44, 0.08, 5.65, 2.1, -0.43, -8.33, 1.97, -8.17, 1.41, -1.42, 17.74, 2.53, -2.55]
50.78,[353.5, 342.31, 246.67, 386.29, 386.69, 490.1, 248.25, 423.82, 315.81, 33.65, 32.73, 44.06, 32.58, 32.74, 48.18, 37.73, 61.85, 45.59, 31.86, 17.73, 69.86, 100.64, 93.11, -3.08, 0.28, -0.95, -4.55, 0.26, 4.8, 1.37, -0.34, 6.05, 1.94, -0.71, -17.65, -2.46, -7.74, 1.86, -2.85, 19.63, 2.45, -1.47]
50.79,[354.77, 362.14, 286.55, 392.98, 371.81, 475.03, 257.4, 412.05, 355.09, 36.16, 36.46, 45.67, 36.41, 31.22, 43.27, 35.11, 64.81, 49.09, 31.46, 15.85, 108.89, 95.79, 100.28, -2.78, 0.18, -0.96, -3.17, 0.34, 3.57, 2.22, -0.45, 5.2, 4.14, 2.1, -21.7, 1.77, -6.67, 1.29, -1.56, 18.54, 0.92, -2.21]
50.82,[348.2, 340.93, 298.7, 385.29, 384.64, 497.94, 258.01, 470.09, 307.91, 33.68, 31.81, 47.66, 33.11, 32.21, 45.52, 34.65, 63.62, 46.89, 33.98, 17.62, 71.89, 101.56, 96.65, -3.15, 0.38, -0.7, -5.93, 0.14, 4.41, 2.55, -0.22, 5.52, 1.44, 0.87, -26.32, 3.69, -7.28, 1.48, -6.27, 16.7, 2.59, -2.71]
50.90,[351.21, 344.81, 327.58, 403.14, 376.61, 485.54, 270.81, 419.42, 349.51, 35.32, 35.44, 45.44, 34.91, 32.14, 42.09, 36.8, 62.04, 45.19, 31.4, 18.38, 102.06, 99.4, 98.57, -2.6, 0.31, -0.97, -3.13, 0.26, 3.76, 1.77, -0.31, 5.38, 2.55, 0.17, -15.97, -0.15, -6.16, 1.58, -0.9, 17.13, 2.28, -2.28]
50.94,[353.38, 346.68, 241.44, 384.81, 386.88, 481.98, 247.87, 425.64, 308.44, 33.92, 31.92, 44.33, 32.54, 29.95, 48.05, 37.44, 60.82, 46.59, 30.87, 15.94, 68.43, 95.92, 101.24, -2.36, 0.2, -1.87, -3.56, 0.26, 4.8, 1.38, -0.31, 5.39, 2.07, -0.07, -16.95, -3.92, -7.24, 2.06, -1.07, 19.66, 2.0, -1.82]
50.98,[353.7, 349.49, 256.16, 406.61, 387.41, 432.63, 250.18, 423.13, 335.41, 33.59, 34.23, 44.25, 32.66, 30.22, 46.66, 35.85, 61.95, 46.9, 31.64, 18.0, 103.71, 100.84, 98.71, -2.99, 0.44, -1.29, -4.84, -0.08, 4.02, 1.2, -0.23, 5.63, 2.52, -0.41, -17.54, -0.37, -8.25, 1.73, -2.06, 17.18, 1.64, -1.99]
51.01,[350.54, 347.77, 291.05, 393.9, 379.55, 486.84, 269.1, 416.38, 332.27, 34.71, 34.83, 45.52, 33.96, 27.36, 45.96, 34.43, 62.37, 45.44, 31.46, 18.44, 119.33, 98.92, 99.39, -2.68, 0.67, -0.97, -4.19, -0.25, 4.0, 1.19, 0.1, 5.28, 2.66, 0.75, -18.04, 0.23, -8.1, 1.4, -0.09, 16.34, 2.41, -2.28]
51.03,[351.86, 342.09, 181.8, 388.59, 391.8, 486.84, 259.06, 428.33, 348.38, 35.65, 34.86, 44.69, 33.47, 26.77, 42.39, 35.07, 62.9, 42.09, 32.57, 19.05, 104.73, 97.0, 97.54, -2.35, 0.53, -1.32, -4.61, -0.19, 3.42, 2.09, 0.18, 5.47, 3.48, 1.48, -12.99, 1.8, -7.87, 1.44, 0.21, 15.76, 5.92, -5.66]
51.08,[346.68, 340.96, 271.23, 395.17, 386.52, 479.44, 269.09, 408.24, 332.84, 34.55, 34.92, 45.76, 33.07, 30.88, 45.71, 36.66, 61.58, 46.76, 31.47, 18.62, 100.0, 98.19, 100.0, -2.19, 0.45, -1.44, -4.3, -0.36, 3.46, 1.91, -0.09, 5.32, 2.38, 0.45, -15.91, -0.38, -8.1, 1.72, -0.66, 16.82, 2.56, -1.32]
51.10,[354.98, 346.31, 291.66, 419.46, 391.04, 490.32, 260.98, 420.12, 349.98, 34.4, 31.87, 44.62, 33.03, 31.49, 46.22, 33.71, 61.53, 46.08, 31.28, 17.69, 77.82, 98.52, 103.75, -2.67, 0.34, -1.03, -4.68, 0.0, 3.11, 1.9, -0.23, 5.42, 2.38, -0.54, -16.94, -2.11, -7.56, 1.46, 0.77, 15.62, 2.24, -1.9]
51.13,[350.64, 342.06, 258.25, 404.77, 386.36, 469.83, 255.05, 418.77, 328.97, 34.33, 34.23, 45.69, 32.95, 27.36, 45.63, 34.83, 61.57, 49.11, 31.17, 19.21, 178.12, 99.58, 103.17, -2.56, 0.27, -1.41, -4.7, -0.06, 3.61, 1.17, -0.23, 5.1, 2.38, 0.55, -17.52, 1.23, -8.3, 1.24, -1.21, 14.63, 1.74, -1.56]
51.17,[353.35, 363.23, 258.33, 393.04, 380.93, 476.32, 258.48, 404.29, 355.75, 36.87, 35.42, 45.92, 36.87, 33.36, 42.5, 34.89, 64.98, 48.77, 31.26, 17.13, 100.0, 94.85, 99.35, -2.48, 0.21, -1.3, -2.47, 0.59, 4.39, 2.23, -0.9, 4.82, 4.65, 1.75, -21.78, 1.23, -5.3, 1.46, -1.59, 21.34, 1.51, -2.08]
51.31,[354.02, 350.14, 298.73, 392.4, 385.29, 486.86, 272.36, 421.37, 323.29, 34.03, 34.47, 45.81, 33.03, 26.02, 46.57, 31.72, 62.74, 45.0, 32.14, 18.82, 98.94, 98.78, 98.65, -2.62, 0.78, -0.92, -5.02, -0.31, 3.39, 0.89, 0.21, 5.27, 2.73, 0.66, -18.73, 1.56, -8.35, 1.38, 0.93, 15.77, 2.47, -2.37]
51.34,[350.59, 342.08, 253.07, 404.53, 387.52, 468.93, 254.02, 418.72, 326.4, 34.18, 34.09, 45.69, 32.7, 27.1, 46.07, 34.19, 61.6, 49.42, 31.21, 19.32, 184.13, 99.49, 103.42, -2.56, 0.28, -1.42, -4.86, -0.11, 3.59, 1.09, -0.21, 5.07, 2.38, 0.6, -17.7, 1.39, -8.44, 1.2, -1.16, 14.31, 1.71, -1.52]
51.38,[351.66, 348.64, 333.12, 406.63, 382.44, 507.55, 258.11, 415.54, 346.84, 34.84, 35.74, 43.34, 34.78, 30.38, 44.96, 36.0, 62.3, 45.53, 32.54, 18.6, 100.0, 96.73, 100.0, -1.68, 0.41, -1.9, -4.42, -0.57, 3.58, 1.21, 0.41, 4.86, 2.4, -0.27, -17.32, -0.84, -7.15, 1.24, -0.41, 18.14, 2.99, -2.19]
51.38,[353.13, 345.16, 456.55, 384.65, 387.54, 480.33, 250.81, 420.26, 303.28, 34.87, 34.0, 45.28, 33.34, 33.48, 43.58, 36.37, 63.72, 45.59, 32.42, 18.64, 97.52, 100.21, 98.91, -2.71, 0.37, -1.11, -4.74, 0.39, 4.37, 2.18, -0.29, 5.6, 2.11, -0.68, -18.7, -2.95, -8.06, 1.87, -0.43, 16.41, 1.47, -2.94]
51.49,[351.19, 341.84, 326.46, 407.94, 371.13, 481.59, 268.69, 419.35, 362.89, 36.33, 36.04, 45.68, 36.22, 30.81, 39.82, 43.22, 61.17, 44.95, 30.74, 17.85, 98.99, 100.75, 99.9, -2.5, 0.13, -1.21, -2.53, 0.47, 3.87, 2.24, -0.53, 5.52, 2.39, -0.1, -15.14, -0.77, -6.43, 1.77, -1.88, 18.92, 2.12, -2.02]
51.57,[350.53, 342.11, 244.81, 404.15, 389.36, 467.51, 252.36, 418.65, 322.29, 33.94, 33.87, 45.7, 32.3, 26.68, 46.77, 33.18, 61.65, 49.92, 31.26, 19.48, 193.71, 99.35, 103.82, -2.57, 0.29, -1.45, -5.12, -0.17, 3.56, 0.96, -0.17, 5.02, 2.38, 0.68, -17.99, 1.63, -8.67, 1.14, -1.08, 13.79, 1.66, -1.46]
51.57,[350.53, 342.11, 244.81, 404.15, 389.36, 467.51, 252.36, 418.65, 322.29, 33.94, 33.87, 45.7, 32.3, 26.68, 46.77, 33.18, 61.65, 49.92, 31.26, 19.48, 193.71, 99.35, 103.82, -2.57, 0.29, -1.45, -5.12, -0.17, 3.56, 0.96, -0.17, 5.02, 2.38, 0.68, -17.99, 1.63, -8.67, 1.14, -1.08, 13.79, 1.66, -1.46]
51.68,[349.48, 351.17, 258.34, 399.4, 392.54, 484.4, 254.44, 420.5, 333.39, 33.91, 33.18, 43.06, 32.19, 30.24, 45.78, 35.71, 60.87, 46.58, 30.75, 18.53, 99.87, 100.0, 99.87, -2.41, 0.07, -0.37, -4.89, -0.11, 4.3, 1.47, -0.25, 5.48, 2.93, 1.11, -18.04, 1.0, -7.72, 1.35, -0.24, 17.0, 4.0, -1.87]
51.68,[350.92, 341.44, 247.75, 402.52, 387.45, 469.01, 254.97, 418.11, 324.54, 34.05, 34.17, 45.6, 32.67, 27.08, 45.77, 33.76, 61.67, 49.56, 31.26, 19.33, 190.52, 98.62, 102.94, -2.58, 0.31, -1.35, -4.76, -0.19, 3.5, 0.88, -0.13, 5.11, 2.34, 0.51, -16.58, 1.68, -8.6, 1.18, -1.13, 14.36, 1.79, -1.62]
51.70,[346.18, 340.85, 267.59, 395.38, 386.61, 479.43, 269.36, 407.87, 333.42, 34.5, 34.94, 45.76, 33.06, 31.14, 45.79, 36.71, 61.54, 46.86, 31.46, 18.68, 99.6, 98.04, 100.08, -2.18, 0.45, -1.45, -4.27, -0.38, 3.45, 1.89, -0.08, 5.32, 2.35, 0.41, -15.79, -0.44, -8.14, 1.72, -0.68, 16.87, 2.61, -1.29]
51.79,[350.77, 346.28, 303.37, 397.34, 382.59, 496.61, 263.83, 422.39, 337.7, 34.56, 34.91, 44.92, 34.03, 33.24, 45.03, 35.13, 63.03, 46.95, 32.12, 19.36, 113.08, 99.62, 100.78, -2.73, 0.5, -0.51, -3.57, -0.11, 4.11, 1.67, -0.17, 5.26, 2.54, 0.55, -16.66, 0.28, -7.59, 1.49, -0.71, 17.77, 2.48, -1.58]
51.81,[354.79, 345.86, 436.66, 386.77, 387.61, 476.79, 254.0, 419.8, 319.65, 34.79, 34.72, 45.49, 33.39, 37.9, 43.59, 35.67, 63.74, 43.45, 32.49, 18.98, 100.31, 100.01, 97.57, -2.28, 0.43, -1.14, -4.83, 0.24, 4.15, 2.22, -0.12, 5.45, 3.28, -1.03, -20.71, -3.55, -7.17, 1.69, 0.51, 15.56, 1.65, -2.46]
51.87,[350.89, 345.84, 311.78, 396.65, 382.36, 491.85, 268.13, 422.89, 338.34, 34.63, 34.87, 45.04, 34.05, 32.16, 45.31, 34.91, 63.09, 46.75, 32.13, 19.39, 99.55, 99.64, 100.15, -2.69, 0.54, -0.58, -3.69, -0.13, 4.15, 1.44, -0.21, 5.32, 2.21, 0.63, -16.97, 0.35, -7.56, 1.51, -0.69, 17.61, 2.77, -1.62]
51.98,[355.21, 348.14, 252.77, 389.7, 387.12, 503.58, 248.44, 416.52, 331.54, 34.78, 33.78, 45.29, 34.4, 33.64, 45.43, 36.52, 61.84, 45.71, 31.86, 19.23, 138.74, 99.71, 105.84, -2.83, 0.46, -1.0, -4.82, -0.23, 4.55, 1.32, -0.33, 5.51, 2.34, -0.84, -17.02, -4.03, -7.54, 1.84, -0.77, 17.06, 2.59, -3.08]
52.06,[353.24, 341.66, 239.97, 393.06, 369.07, 474.73, 255.52, 414.34, 328.81, 37.03, 36.39, 44.98, 34.67, 30.29, 45.6, 35.03, 63.9, 46.37, 31.54, 17.26, 104.1, 98.93, 100.33, -2.82, 0.35, -0.93, -5.13, 0.24, 3.76, 1.15, -0.19, 5.17, 2.73, -0.52, -20.88, 1.11, -6.69, 1.38, -1.1, 18.09, 1.74, -2.02]
52.08,[354.98, 351.89, 268.68, 392.87, 404.03, 477.49, 252.72, 425.3, 361.21, 36.34, 34.05, 45.58, 35.35, 30.65, 45.1, 36.17, 62.02, 45.43, 32.31, 17.79, 106.47, 105.38, 99.67, -2.67, 0.31, -0.82, -5.14, 0.34, 2.85, -0.47, -0.72, 5.26, 2.61, 0.27, -15.85, -0.47, -6.87, 1.12, -2.62, 15.46, 0.88, -1.88]
52.08,[354.98, 351.89, 268.68, 392.87, 404.03, 477.49, 252.72, 425.3, 361.21, 36.34, 34.05, 45.58, 35.35, 30.65, 45.1, 36.17, 62.02, 45.43, 32.31, 17.79, 106.47, 105.38, 99.67, -2.67, 0.31, -0.82, -5.14, 0.34, 2.85, -0.47, -0.72, 5.26, 2.61, 0.27, -15.85, -0.47, -6.87, 1.12, -2.62, 15.46, 0.88, -1.88]
52.12,[343.1, 343.65, 320.22, 404.97, 390.79, 484.29, 264.08, 424.83, 345.62, 35.5, 35.4, 44.63, 34.12, 31.11, 43.63, 37.41, 62.19, 47.08, 31.26, 19.35, 141.75, 92.12, 98.47, -2.8, 0.49, -1.13, -4.6, -0.06, 3.07, 1.0, -0.28, 5.13, 2.28, 0.55, -14.92, 1.22, -6.6, 1.32, -0.46, 16.34, 5.75, 0.27]
52.20,[352.02, 340.52, 313.41, 383.76, 394.68, 494.23, 258.8, 399.53, 346.02, 34.63, 35.3, 43.65, 33.6, 31.26, 44.42, 35.59, 62.08, 46.31, 31.17, 19.24, 93.78, 99.51, 102.01, -2.84, 0.62, -0.88, -3.43, -0.24, 3.3, 0.78, -0.06, 5.27, 2.27, 0.28, -16.76, -0.44, -7.46, 1.39, -1.16, 16.58, 2.41, -1.92]
52.24,[350.28, 349.16, 309.47, 396.41, 382.02, 471.93, 268.26, 420.3, 354.76, 35.66, 34.9, 44.34, 35.38, 30.71, 45.06, 34.92, 62.5, 46.75, 30.49, 18.52, 100.8, 94.48, 105.82, -2.45, 0.52, -1.0, -3.2, -0.09, 5.09, 1.27, -0.35, 4.97, 2.66, 0.32, -14.43, 0.69, -6.53, 1.18, -3.14, 15.67, 4.15, -2.37]
52.25,[353.39, 353.84, 267.78, 391.64, 387.63, 484.1, 261.85, 425.2, 355.63, 34.38, 34.54, 42.97, 32.45, 30.32, 47.62, 34.79, 60.95, 46.53, 30.2, 22.67, 98.67, 97.46, 99.72, -2.59, 0.22, -1.59, -2.8, -0.01, 4.77, 1.34, -0.31, 5.31, 2.25, -0.17, -17.11, 1.11, -7.38, 1.36, -0.15, 16.62, 3.69, -1.97]
52.32,[350.49, 348.08, 315.08, 397.04, 381.79, 478.38, 251.02, 414.77, 369.18, 35.06, 34.72, 45.1, 32.93, 31.93, 43.52, 34.85, 63.07, 47.72, 30.89, 19.57, 111.01, 100.45, 100.02, -2.9, 0.57, -0.9, -3.57, -0.07, 2.9, 1.7, 0.0, 5.25, 4.25, -1.44, -17.05, 0.81, -7.04, 1.5, -0.71, 16.72, 2.39, -2.23]
52.33,[348.03, 343.56, 304.78, 399.03, 381.15, 504.76, 257.98, 423.1, 343.43, 34.66, 35.03, 44.23, 34.45, 38.49, 44.66, 36.34, 63.48, 48.55, 32.27, 20.02, 123.64, 100.23, 102.34, -2.81, 0.34, -0.11, -2.7, -0.03, 4.58, 2.09, -0.46, 5.29, 2.41, 0.57, -15.45, -0.45, -7.25, 1.53, -1.7, 19.02, 2.51, -1.02]
52.34,[354.03, 336.97, 281.44, 408.19, 389.94, 479.67, 267.5, 421.04, 331.44, 34.35, 35.94, 45.91, 33.25, 27.28, 45.07, 33.95, 61.9, 48.95, 32.33, 17.48, 108.57, 99.32, 105.95, -2.61, 0.66, -1.05, -4.69, 0.05, 2.35, 1.67, 0.23, 5.24, 2.74, 0.85, -19.59, 1.55, -7.33, 1.43, 1.23, 14.67, 1.54, -2.56]
52.37,[354.14, 341.56, 300.14, 401.84, 384.4, 463.97, 270.4, 418.04, 330.32, 34.78, 34.72, 45.67, 33.5, 26.41, 45.53, 33.54, 62.44, 49.17, 31.92, 19.33, 99.75, 99.39, 98.72, -2.56, 0.7, -1.31, -4.64, -0.37, 3.56, 1.38, 0.16, 5.11, 2.69, 0.84, -18.13, 1.34, -8.0, 1.56, 0.44, 14.11, 2.44, -1.68]
52.37,[350.97, 345.52, 310.33, 397.02, 381.05, 498.5, 265.28, 422.69, 338.37, 34.66, 35.17, 45.21, 34.32, 33.71, 44.91, 35.03, 63.36, 47.01, 32.33, 19.49, 115.12, 99.56, 100.93, -2.78, 0.57, -0.53, -3.37, -0.11, 4.08, 1.7, -0.16, 5.23, 2.48, 0.46, -16.45, 0.17, -7.56, 1.51, -0.78, 17.89, 2.24, -1.53]
52.49,[351.15, 341.86, 321.28, 407.7, 372.29, 480.7, 267.65, 419.31, 360.31, 36.18, 35.9, 45.68, 35.97, 30.55, 40.26, 42.58, 61.2, 45.26, 30.77, 17.95, 105.0, 100.66, 100.14, -2.51, 0.14, -1.22, -2.7, 0.43, 3.85, 2.16, -0.51, 5.49, 2.39, -0.05, -15.33, -0.62, -6.57, 1.73, -1.83, 18.59, 2.09, -1.99]
52.56,[354.18, 349.65, 301.61, 395.24, 384.37, 486.52, 271.07, 421.52, 330.6, 34.44, 34.76, 45.78, 33.52, 26.74, 45.48, 33.62, 62.46, 44.97, 31.93, 18.55, 100.0, 98.87, 98.86, -2.63, 0.71, -1.0, -4.65, -0.21, 3.53, 1.14, 0.17, 5.23, 2.7, 0.52, -18.16, 1.18, -8.0, 1.45, 0.52, 16.21, 2.44, -2.26]
52.59,[349.29, 351.93, 251.37, 399.72, 394.08, 482.51, 252.98, 420.21, 332.72, 33.81, 32.91, 42.78, 31.9, 29.77, 45.9, 35.8, 60.54, 46.53, 30.54, 18.4, 97.83, 100.06, 99.73, -2.36, 0.01, -0.35, -5.09, -0.11, 4.32, 1.44, -0.26, 5.51, 2.99, 1.19, -18.25, 1.11, -7.74, 1.33, -0.17, 16.88, 4.23, -1.91]
52.65,[351.77, 352.31, 327.29, 396.89, 380.92, 474.74, 267.73, 419.0, 341.58, 35.29, 35.08, 44.92, 34.36, 28.94, 44.41, 34.19, 62.61, 46.18, 31.2, 18.72, 102.03, 95.56, 103.03, -2.5, 0.63, -1.2, -3.81, -0.18, 4.44, 1.74, -0.03, 5.19, 2.78, 0.82, -16.55, 0.6, -6.72, 1.31, -0.42, 15.62, 2.93, -2.35]
52.72,[352.42, 344.11, 242.95, 404.31, 389.56, 464.78, 257.64, 421.79, 346.57, 33.86, 34.49, 45.77, 33.67, 28.86, 46.81, 33.29, 62.0, 49.25, 31.92, 19.55, 128.1, 98.71, 99.2, -2.64, 0.48, -1.48, -4.85, -0.09, 3.25, 0.46, -0.01, 5.05, 2.41, 0.53, -16.78, 0.81, -8.74, 1.17, -1.11, 14.6, 1.96, -1.84]
52.74,[354.16, 349.59, 301.5, 395.39, 384.43, 486.38, 271.01, 421.46, 330.8, 34.44, 34.77, 45.77, 33.51, 26.74, 45.46, 33.62, 62.46, 45.01, 31.91, 18.56, 100.05, 98.87, 98.88, -2.63, 0.7, -1.0, -4.65, -0.21, 3.52, 1.14, 0.17, 5.23, 2.7, 0.52, -18.16, 1.19, -8.01, 1.45, 0.51, 16.19, 2.43, -2.26]
52.74,[354.18, 341.46, 301.61, 402.24, 384.37, 463.16, 271.07, 417.9, 330.6, 34.81, 34.76, 45.72, 33.52, 26.23, 45.48, 33.43, 62.46, 49.28, 31.93, 19.38, 100.0, 99.39, 98.86, -2.55, 0.71, -1.32, -4.65, -0.38, 3.53, 1.38, 0.17, 5.09, 2.7, 0.88, -18.16, 1.43, -8.0, 1.55, 0.52, 13.96, 2.44, -1.69]
52.86,[352.37, 344.55, 240.69, 404.66, 389.88, 462.7, 258.32, 422.26, 347.13, 33.8, 34.44, 45.91, 33.66, 28.69, 46.9, 33.0, 62.04, 49.45, 31.96, 19.57, 126.51, 98.78, 99.07, -2.63, 0.49, -1.52, -4.91, -0.07, 3.24, 0.4, 0.01, 5.04, 2.41, 0.55, -16.72, 0.92, -8.74, 1.15, -1.12, 14.43, 1.91, -1.88]
52.99,[353.5, 342.48, 237.5, 394.33, 368.92, 474.33, 254.54, 413.81, 330.16, 36.84, 36.42, 44.55, 34.63, 30.09, 45.56, 35.34, 63.54, 46.47, 31.39, 17.3, 101.94, 99.04, 100.17, -2.81, 0.36, -0.82, -5.06, 0.19, 3.71, 1.04, -0.22, 5.12, 2.79, -0.49, -20.51, 1.56, -6.63, 1.36, -0.57, 18.03, 2.17, -2.05]
53.03,[354.09, 341.18, 235.58, 393.58, 365.45, 473.2, 254.75, 412.92, 329.8, 37.26, 36.9, 44.8, 35.0, 30.14, 45.52, 35.27, 63.96, 46.46, 31.5, 17.15, 102.51, 98.9, 100.23, -2.87, 0.41, -0.89, -5.05, 0.24, 3.62, 0.99, -0.21, 5.07, 2.77, -0.72, -20.82, 1.62, -6.48, 1.36, -0.63, 18.19, 1.88, -2.07]
53.03,[354.09, 341.18, 235.58, 393.58, 365.45, 473.2, 254.75, 412.92, 329.8, 37.26, 36.9, 44.8, 35.0, 30.14, 45.52, 35.27, 63.96, 46.46, 31.5, 17.15, 102.51, 98.9, 100.23, -2.87, 0.41, -0.89, -5.05, 0.24, 3.62, 0.99, -0.21, 5.07, 2.77, -0.72, -20.82, 1.62, -6.48, 1.36, -0.63, 18.19, 1.88, -2.07]
53.07,[356.43, 344.01, 404.82, 388.25, 382.16, 474.56, 258.66, 419.01, 315.86, 35.9, 35.2, 45.58, 33.52, 21.03, 42.74, 35.26, 63.18, 43.12, 32.0, 16.94, 100.11, 99.86, 96.97, -2.34, 0.46, -1.13, -4.78, 0.16, 3.85, 2.82, -0.16, 5.34, 3.61, 2.03, -20.44, 2.04, -6.73, 1.6, 0.42, 15.09, 1.0, -2.6]
53.10,[350.78, 345.73, 303.08, 397.2, 380.61, 500.38, 266.1, 423.46, 336.35, 34.65, 35.16, 45.21, 34.37, 33.86, 45.11, 34.97, 63.38, 47.04, 32.36, 19.55, 114.77, 99.81, 101.06, -2.79, 0.58, -0.46, -3.3, -0.15, 4.16, 1.71, -0.17, 5.22, 2.5, 0.56, -16.39, 0.33, -7.53, 1.5, -0.82, 18.08, 2.39, -1.42]
53.13,[353.1, 345.09, 469.65, 386.89, 388.2, 478.36, 252.04, 420.48, 304.96, 34.75, 34.2, 45.35, 33.47, 32.94, 43.3, 36.0, 63.88, 46.02, 32.49, 18.75, 101.85, 100.05, 99.77, -2.7, 0.39, -1.15, -4.82, 0.34, 4.21, 1.98, -0.27, 5.54, 2.09, -0.55, -18.81, -2.52, -8.16, 1.79, -0.18, 16.19, 1.35, -2.82]
53.21,[352.36, 340.4, 315.47, 383.51, 395.71, 493.93, 259.02, 392.76, 349.84, 34.73, 35.65, 43.27, 33.65, 31.16, 44.29, 35.65, 61.94, 46.26, 30.9, 19.41, 95.82, 99.32, 102.59, -2.81, 0.64, -0.89, -3.18, -0.28, 3.18, 0.6, -0.04, 5.25, 2.35, 0.23, -15.88, -0.81, -7.47, 1.38, -0.67, 16.54, 2.4, -1.85]
53.23,[352.49, 354.03, 231.17, 400.74, 400.24, 523.49, 266.93, 409.13, 337.76, 33.57, 33.86, 42.01, 27.48, 29.2, 44.97, 33.71, 59.81, 43.73, 35.64, 18.99, 100.0, 97.87, 100.0, -2.73, 0.28, -1.17, -2.93, 0.97, 3.0, -2.74, -0.59, 5.87, 1.32, -1.16, -16.27, 1.76, -10.31, 0.42, 0.47, 18.01, 1.52, -2.69]
53.23,[351.99, 356.13, 303.82, 399.83, 376.96, 475.3, 264.41, 418.96, 358.73, 35.82, 35.77, 44.59, 34.73, 29.08, 44.29, 37.5, 62.54, 46.14, 31.25, 18.95, 125.47, 102.63, 102.7, -2.5, 0.28, -1.28, -3.72, -0.33, 4.21, 1.92, -0.29, 5.11, 2.96, 0.6, -16.47, 0.71, -7.02, 1.28, -0.67, 14.67, 2.91, -1.91]
53.23,[348.72, 341.62, 293.52, 386.12, 384.78, 497.06, 256.63, 464.94, 309.16, 33.72, 31.94, 47.31, 33.1, 32.23, 45.67, 34.99, 63.39, 46.78, 33.71, 17.67, 74.03, 101.35, 96.43, -3.17, 0.38, -0.74, -5.79, 0.16, 4.41, 2.44, -0.21, 5.52, 1.54, 0.69, -25.31, 3.08, -7.35, 1.53, -5.88, 16.91, 2.57, -2.56]
53.28,[352.91, 344.2, 417.73, 395.98, 387.16, 477.7, 254.16, 413.72, 367.08, 34.78, 35.43, 45.17, 33.68, 32.47, 43.01, 35.7, 63.31, 46.68, 32.04, 19.03, 112.11, 97.13, 99.64, -2.68, 0.52, -1.42, -4.14, 0.44, 3.21, 1.72, -0.13, 5.28, 2.37, -0.77, -17.96, -2.18, -7.96, 1.72, 0.14, 15.35, 0.37, -2.9]
53.31,[348.14, 344.95, 275.11, 394.89, 380.87, 502.74, 265.01, 412.32, 338.38, 33.34, 35.09, 43.73, 34.87, 29.55, 44.49, 36.49, 60.28, 48.71, 31.77, 17.88, 100.0, 96.66, 100.0, -2.97, 0.21, -1.41, -3.5, -0.26, 2.37, 1.2, 0.09, 5.66, 2.38, -0.93, -21.73, 0.62, -8.2, 1.24, -1.43, 17.43, 1.15, -3.25]
53.36,[365.61, 346.19, 399.07, 387.7, 382.71, 477.31, 259.29, 428.23, 308.36, 36.42, 34.2, 46.0, 33.24, 20.34, 43.32, 34.75, 63.06, 42.96, 31.57, 16.46, 117.83, 104.76, 98.19, -2.46, 0.49, -0.97, -5.72, 0.29, 3.77, 2.6, -0.26, 5.44, 3.84, 1.94, -20.78, 1.65, -6.66, 1.59, 0.22, 15.46, 0.56, -3.08]
53.50,[354.51, 347.46, 326.23, 400.9, 390.55, 499.59, 247.88, 416.6, 343.6, 34.52, 35.05, 44.33, 33.95, 31.37, 45.34, 35.65, 62.38, 46.18, 31.57, 19.36, 157.56, 97.23, 100.97, -2.77, 0.47, -0.96, -4.85, -0.3, 3.65, 1.16, -0.14, 5.09, 2.29, -0.03, -17.69, -0.49, -6.92, 1.24, -0.85, 17.91, 2.59, -2.03]
53.51,[353.35, 345.79, 306.52, 397.98, 380.05, 479.53, 259.01, 422.12, 338.88, 34.81, 35.06, 44.57, 34.64, 32.36, 45.02, 35.11, 63.28, 46.93, 31.62, 18.07, 99.31, 101.36, 100.13, -2.76, 0.33, -0.4, -4.62, -0.15, 3.91, 1.29, -0.19, 5.35, 2.72, 0.57, -17.52, -1.08, -8.54, 1.57, -0.82, 17.18, 1.87, -1.62]
53.57,[348.42, 342.31, 265.39, 391.95, 386.06, 480.07, 262.36, 411.48, 328.33, 34.67, 34.36, 45.62, 33.1, 31.75, 46.21, 36.53, 61.66, 46.43, 31.55, 18.64, 97.21, 98.78, 98.15, -2.4, 0.39, -1.29, -4.35, -0.13, 3.82, 1.97, -0.16, 5.4, 2.41, 0.08, -16.23, -1.26, -8.08, 1.7, -1.15, 16.66, 2.51, -1.82]
53.59,[354.93, 345.62, 340.84, 401.76, 392.07, 502.87, 243.69, 416.99, 345.16, 34.4, 35.18, 44.1, 33.83, 31.8, 45.6, 35.94, 62.29, 46.13, 31.5, 19.7, 173.07, 97.16, 101.43, -2.88, 0.47, -1.01, -5.08, -0.37, 3.56, 1.06, -0.15, 5.09, 2.05, -0.3, -17.31, -0.94, -6.94, 1.19, -0.99, 17.78, 2.62, -2.02]
53.60,[344.97, 340.37, 274.2, 395.66, 386.21, 478.59, 273.36, 404.62, 333.98, 34.71, 35.12, 46.03, 33.12, 31.0, 45.61, 36.86, 61.49, 46.69, 31.48, 18.69, 100.0, 97.71, 100.0, -2.0, 0.48, -1.53, -4.2, -0.45, 3.35, 2.04, -0.06, 5.24, 2.33, 0.63, -15.48, -0.24, -8.09, 1.72, -0.58, 16.67, 2.72, -1.22]
53.60,[352.56, 344.63, 240.77, 386.97, 384.51, 489.01, 249.26, 423.6, 317.91, 33.78, 32.96, 44.15, 32.72, 32.4, 47.36, 37.44, 61.76, 45.66, 31.81, 17.58, 81.28, 99.89, 93.39, -3.05, 0.32, -0.96, -4.3, 0.25, 4.66, 1.64, -0.21, 5.89, 2.44, -0.56, -16.81, -1.8, -8.07, 1.81, -2.39, 19.05, 2.34, -1.11]
53.60,[355.22, 339.15, 277.05, 409.82, 392.04, 466.65, 267.49, 431.42, 364.32, 34.3, 35.98, 44.57, 33.22, 27.02, 43.75, 33.7, 61.1, 49.36, 30.96, 19.25, 116.88, 98.17, 98.6, -2.59, 0.47, -0.81, -4.89, -0.82, 2.3, 2.15, 0.42, 5.78, 2.79, 1.29, -14.27, 2.58, -8.86, 1.39, 0.62, 14.25, 1.5, -1.97]
53.73,[354.78, 337.02, 274.5, 381.36, 387.73, 489.44, 266.99, 421.02, 354.64, 35.1, 34.36, 45.51, 35.67, 27.27, 46.11, 37.04, 62.08, 44.32, 30.64, 18.03, 94.01, 101.38, 97.02, -2.68, 0.46, 0.13, -3.92, 0.25, 4.24, 0.09, -0.62, 4.83, 2.79, -0.48, -16.17, 1.77, -8.47, 1.34, -6.5, 17.23, 3.98, -2.1]
53.75,[354.06, 350.54, 327.57, 392.59, 381.99, 481.81, 267.02, 418.41, 333.45, 34.89, 35.02, 45.63, 33.82, 26.8, 44.34, 34.39, 62.55, 45.09, 31.67, 18.69, 100.72, 98.32, 98.63, -2.6, 0.68, -0.98, -4.39, -0.13, 3.78, 1.67, 0.08, 5.29, 2.9, 0.87, -18.38, 0.87, -7.43, 1.44, 0.22, 16.07, 2.13, -2.26]
53.76,[352.91, 354.49, 247.41, 393.1, 382.06, 490.44, 273.09, 422.1, 344.86, 33.63, 34.38, 45.75, 33.81, 31.35, 46.74, 33.37, 61.95, 46.49, 31.27, 19.89, 100.04, 97.12, 100.0, -2.83, 0.78, -0.94, -4.45, -0.44, 3.37, 0.18, 0.28, 5.11, 2.18, -0.37, -17.09, 0.63, -7.87, 1.36, 0.32, 16.96, 3.64, -2.04]
53.84,[356.13, 343.45, 388.5, 388.89, 383.08, 475.58, 257.86, 419.65, 316.25, 35.68, 35.06, 45.48, 33.4, 21.89, 43.18, 35.32, 63.05, 43.5, 31.97, 17.01, 100.0, 100.0, 97.28, -2.4, 0.44, -1.14, -4.82, 0.15, 3.84, 2.66, -0.17, 5.37, 3.5, 1.78, -20.16, 1.76, -6.92, 1.62, 0.29, 15.34, 1.09, -2.5]
53.87,[353.33, 348.79, 283.8, 397.73, 385.88, 479.88, 248.2, 412.63, 378.65, 35.03, 34.45, 45.18, 32.89, 32.41, 47.01, 35.73, 61.35, 48.48, 31.99, 19.13, 98.51, 100.4, 99.36, -2.83, 0.49, -1.09, -3.86, -0.21, 2.08, 1.92, -0.11, 5.53, 3.94, -0.94, -16.91, -2.1, -7.03, 1.99, -2.46, 16.33, 2.38, -3.02]
53.87,[354.63, 344.62, 328.69, 411.01, 391.36, 493.25, 257.34, 428.4, 353.99, 34.47, 35.7, 44.58, 33.49, 30.78, 44.79, 35.06, 61.08, 48.66, 31.12, 19.54, 162.74, 96.94, 101.33, -2.58, 0.47, -0.96, -4.84, -0.24, 2.55, 1.8, 0.15, 5.05, 2.4, 0.95, -15.36, -0.98, -9.06, 1.33, 0.13, 16.4, 2.28, -1.97]
53.91,[354.67, 338.05, 272.96, 384.51, 387.86, 487.62, 266.17, 421.22, 352.41, 34.87, 34.38, 45.58, 35.13, 27.22, 46.2, 35.87, 62.15, 45.31, 30.89, 18.16, 93.26, 100.86, 97.46, -2.68, 0.5, -0.1, -4.12, 0.13, 4.07, 0.18, -0.5, 4.89, 2.73, -0.32, -16.78, 1.8, -8.52, 1.34, -5.15, 16.8, 3.63, -2.06]
53.94,[353.47, 339.82, 423.37, 395.07, 385.99, 484.88, 254.39, 411.72, 378.92, 33.89, 33.42, 45.32, 32.23, 30.98, 48.82, 35.62, 61.34, 46.92, 31.87, 18.49, 96.11, 101.92, 99.62, -2.74, 0.31, -1.2, -3.96, -0.06, 3.62, 1.0, -0.11, 5.79, 2.3, -0.4, -17.93, -1.26, -7.7, 1.81, 0.01, 14.92, 2.47, -3.43]
53.96,[353.1, 338.74, 270.86, 399.97, 385.48, 490.57, 249.2, 415.99, 339.67, 34.53, 35.05, 44.03, 33.77, 31.03, 45.7, 36.86, 61.5, 46.8, 31.36, 19.28, 147.78, 97.89, 100.88, -2.73, 0.45, -1.05, -4.2, -0.39, 3.37, 1.19, -0.16, 5.27, 2.37, 0.29, -17.51, -0.51, -8.74, 1.35, -1.05, 16.75, 2.65, -1.31]
53.97,[352.91, 344.33, 293.11, 395.75, 378.01, 478.52, 257.95, 413.91, 357.25, 34.88, 36.32, 45.19, 34.74, 32.27, 42.92, 35.63, 62.21, 46.56, 30.55, 18.93, 105.2, 97.19, 99.36, -2.66, 0.53, -1.37, -5.31, 0.39, 2.99, 1.71, -0.15, 5.3, 2.28, -0.64, -17.46, -2.06, -7.57, 1.66, 0.8, 15.62, 1.83, -2.78]
54.16,[351.52, 348.66, 337.73, 407.2, 382.14, 508.12, 258.68, 415.34, 348.01, 34.89, 35.81, 43.25, 34.88, 30.39, 44.96, 36.04, 62.33, 45.49, 32.6, 18.63, 97.82, 96.6, 99.95, -1.62, 0.41, -1.94, -4.4, -0.6, 3.59, 1.18, 0.42, 4.84, 2.32, -0.27, -17.33, -0.87, -7.09, 1.22, -0.43, 18.2, 3.09, -2.2]
54.18,[351.29, 352.02, 323.23, 397.99, 387.0, 479.53, 258.87, 411.79, 372.32, 34.89, 34.73, 44.38, 34.16, 32.45, 45.45, 36.01, 61.71, 46.9, 31.44, 18.68, 106.86, 98.51, 99.39, -2.61, 0.72, -1.23, -3.7, -0.15, 3.92, 2.12, -0.19, 5.52, 2.73, -0.5, -16.65, 0.98, -6.97, 1.54, -0.86, 16.94, 2.27, -2.59]
54.24,[354.8, 347.03, 334.24, 401.06, 391.18, 500.74, 244.87, 415.97, 346.01, 34.6, 35.2, 44.25, 34.07, 31.92, 45.35, 35.85, 62.5, 46.34, 31.48, 19.49, 167.22, 96.98, 101.26, -2.85, 0.45, -1.03, -4.87, -0.3, 3.63, 1.15, -0.21, 5.07, 2.25, -0.14, -17.66, -0.77, -6.81, 1.21, -1.04, 18.06, 2.53, -2.02]
54.39,[352.82, 344.04, 290.24, 395.28, 376.65, 478.2, 258.74, 414.15, 358.03, 34.86, 36.37, 45.24, 34.83, 32.41, 42.75, 35.52, 62.26, 46.58, 30.48, 18.93, 100.0, 97.26, 99.09, -2.65, 0.54, -1.39, -5.31, 0.44, 2.95, 1.75, -0.15, 5.3, 2.34, -0.69, -17.37, -2.14, -7.59, 1.7, 0.92, 15.54, 1.77, -2.81]
54.46,[353.16, 338.3, 273.12, 399.62, 385.15, 492.65, 248.51, 415.52, 339.11, 34.58, 35.1, 43.89, 33.78, 31.21, 45.61, 37.15, 61.46, 46.6, 31.31, 19.26, 149.37, 97.82, 101.02, -2.74, 0.45, -1.01, -4.14, -0.41, 3.38, 1.25, -0.17, 5.29, 2.36, 0.27, -17.57, -0.62, -8.74, 1.37, -1.04, 16.92, 2.7, -1.26]
54.48,[355.37, 342.88, 232.32, 395.96, 393.44, 481.02, 253.1, 415.01, 365.27, 35.2, 35.78, 45.37, 36.63, 32.15, 43.31, 34.85, 63.56, 48.61, 31.23, 19.51, 108.49, 97.48, 99.67, -2.93, 0.48, -1.08, -3.5, 0.23, 3.25, 1.68, -0.34, 5.24, 4.33, -1.44, -17.39, 0.72, -7.15, 1.28, -0.7, 15.16, 1.25, -2.54]
54.49,[354.82, 344.21, 263.63, 393.49, 372.95, 479.14, 252.25, 408.98, 333.49, 34.75, 34.73, 44.92, 34.12, 29.22, 47.18, 36.13, 61.95, 46.57, 30.9, 18.38, 192.96, 100.43, 101.4, -2.83, 0.63, -1.24, -4.19, 0.08, 3.27, 1.38, -0.16, 5.52, 2.58, -0.74, -17.79, -1.72, -8.32, 1.62, -1.62, 17.6, 2.15, -1.61]
54.59,[351.13, 342.07, 285.6, 404.16, 389.29, 465.82, 259.48, 419.39, 325.41, 34.76, 36.89, 45.81, 31.69, 26.54, 45.87, 33.26, 61.87, 49.96, 30.49, 19.59, 118.01, 99.19, 101.05, -2.59, 0.31, -1.39, -5.03, -0.27, 2.25, 0.89, -0.18, 5.04, 2.55, 0.69, -17.98, 1.63, -8.64, 1.31, -2.25, 13.84, 1.88, -1.61]
54.64,[353.58, 364.1, 267.23, 388.28, 363.16, 493.57, 253.33, 401.64, 352.48, 36.39, 35.81, 45.91, 37.15, 34.15, 43.53, 35.13, 65.97, 48.56, 31.84, 15.76, 109.43, 94.64, 99.49, -2.98, 0.12, -1.16, -2.2, 0.79, 4.08, 2.21, -0.72, 4.87, 4.48, 1.56, -22.03, 1.34, -6.09, 1.19, -2.18, 20.74, 1.04, -1.85]
54.71,[351.08, 341.16, 287.16, 404.43, 389.9, 464.69, 258.82, 417.04, 324.34, 34.81, 37.07, 45.94, 31.56, 26.32, 45.98, 33.07, 61.73, 50.14, 30.51, 19.63, 118.95, 99.28, 101.08, -2.62, 0.35, -1.46, -5.07, -0.28, 2.13, 0.87, -0.18, 5.01, 2.54, 0.68, -18.19, 1.66, -8.7, 1.34, -2.4, 13.61, 1.78, -1.6]
54.80,[352.43, 343.82, 296.86, 404.51, 392.7, 460.57, 254.82, 418.03, 336.75, 33.84, 35.53, 45.79, 34.45, 28.78, 39.72, 32.65, 62.19, 47.92, 30.68, 18.47, 106.64, 99.1, 99.36, -2.64, 0.44, -1.33, -1.77, 0.15, 4.08, 0.96, 0.04, 5.6, 2.38, 0.02, -15.67, -1.19, -6.39, 1.31, -1.92, 13.64, 1.92, -1.99]
54.81,[350.67, 342.05, 262.14, 404.95, 385.49, 470.5, 255.83, 418.8, 330.91, 34.45, 34.33, 45.69, 33.13, 27.56, 45.3, 35.31, 61.55, 48.87, 31.15, 19.14, 173.61, 99.65, 102.99, -2.56, 0.26, -1.4, -4.57, -0.03, 3.63, 1.23, -0.25, 5.12, 2.38, 0.51, -17.38, 1.12, -8.19, 1.27, -1.25, 14.88, 1.76, -1.58]
54.86,[354.34, 350.37, 299.46, 392.56, 385.82, 487.9, 272.52, 421.69, 322.87, 34.03, 34.47, 45.8, 33.05, 25.94, 46.57, 31.72, 62.72, 44.97, 32.16, 18.89, 98.95, 98.54, 98.66, -2.64, 0.82, -0.93, -5.01, -0.31, 3.47, 0.89, 0.2, 5.24, 2.72, 0.65, -18.75, 1.56, -8.3, 1.38, 0.94, 15.75, 2.47, -2.37]
54.94,[349.87, 340.65, 296.5, 397.29, 386.63, 494.86, 269.45, 409.54, 335.07, 34.63, 35.2, 45.03, 33.54, 30.62, 45.14, 35.02, 63.0, 46.85, 32.09, 19.84, 104.45, 98.96, 100.07, -2.85, 0.4, -0.94, -4.49, -0.43, 4.27, 1.89, -0.07, 5.27, 2.51, 0.45, -16.16, -0.59, -7.54, 1.66, -0.73, 16.74, 2.42, -1.36]
54.94,[352.99, 351.28, 257.49, 397.7, 392.65, 482.66, 255.23, 421.29, 331.19, 33.85, 33.18, 43.22, 32.41, 30.38, 46.0, 35.55, 61.0, 46.76, 30.85, 18.51, 100.0, 100.76, 99.85, -2.46, 0.25, -0.25, -4.79, -0.02, 4.45, 1.39, -0.19, 5.57, 2.77, 1.24, -17.92, 1.16, -7.52, 1.4, -0.13, 17.04, 4.13, -1.68]
55.00,[354.9, 346.63, 339.27, 401.93, 392.22, 502.95, 240.85, 415.13, 348.35, 34.62, 35.27, 44.01, 34.16, 32.72, 45.34, 36.2, 62.51, 46.55, 31.41, 19.64, 177.56, 96.68, 101.63, -2.88, 0.41, -1.04, -4.91, -0.31, 3.64, 1.15, -0.27, 5.05, 2.19, -0.24, -17.59, -1.07, -6.63, 1.18, -1.27, 18.35, 2.55, -1.99]
55.09,[352.35, 346.53, 221.74, 381.71, 381.85, 489.24, 261.07, 407.63, 306.09, 35.45, 36.23, 45.3, 32.86, 30.53, 46.26, 37.36, 62.61, 45.76, 31.63, 17.17, 160.19, 98.97, 101.92, -2.83, 0.89, -1.11, -5.41, 0.16, 3.61, 1.49, 0.04, 5.66, 2.3, 0.57, -27.49, -0.44, -7.81, 1.46, -2.33, 19.49, 1.49, -1.93]
55.09,[352.35, 346.53, 221.74, 381.71, 381.85, 489.24, 261.07, 407.63, 306.09, 35.45, 36.23, 45.3, 32.86, 30.53, 46.26, 37.36, 62.61, 45.76, 31.63, 17.17, 160.19, 98.97, 101.92, -2.83, 0.89, -1.11, -5.41, 0.16, 3.61, 1.49, 0.04, 5.66, 2.3, 0.57, -27.49, -0.44, -7.81, 1.46, -2.33, 19.49, 1.49, -1.93]
55.12,[363.18, 343.94, 383.64, 387.55, 383.78, 478.1, 259.75, 412.74, 320.5, 36.09, 33.95, 45.36, 33.02, 22.36, 43.17, 35.29, 63.22, 44.02, 31.71, 16.74, 100.0, 100.0, 98.0, -2.32, 0.53, -1.22, -5.18, 0.23, 3.94, 2.57, -0.37, 5.61, 3.65, 1.87, -19.42, 1.62, -6.81, 1.2, 0.29, 15.26, 1.16, -1.9]
55.31,[346.55, 341.45, 266.96, 389.25, 384.4, 504.48, 263.51, 420.15, 341.89, 33.56, 35.29, 44.14, 34.56, 29.35, 44.44, 36.09, 61.94, 48.67, 31.42, 18.25, 171.39, 96.27, 100.24, -2.79, 0.54, -1.19, -3.7, -0.1, 2.75, 1.33, -0.08, 5.61, 2.16, -1.1, -21.89, -0.0, -8.19, 1.49, -1.29, 17.7, 1.35, -3.26]
55.32,[353.76, 353.67, 261.07, 411.21, 385.95, 412.77, 249.94, 422.29, 341.4, 33.57, 34.41, 44.11, 32.79, 30.47, 46.52, 35.84, 61.98, 46.93, 31.62, 18.13, 105.5, 100.67, 98.2, -3.02, 0.51, -1.33, -4.75, -0.12, 4.15, 1.19, -0.23, 5.62, 2.52, -0.39, -17.49, -0.23, -8.1, 1.69, -2.49, 17.03, 1.55, -2.13]
55.33,[352.37, 346.55, 223.82, 378.84, 382.52, 491.25, 263.35, 409.0, 300.33, 35.67, 36.37, 45.36, 33.02, 30.77, 46.34, 37.35, 62.53, 45.51, 31.7, 17.07, 164.1, 99.63, 102.05, -2.81, 0.88, -1.2, -5.56, 0.2, 3.41, 1.48, 0.08, 5.65, 2.32, 0.42, -28.25, -0.61, -7.77, 1.4, -2.39, 19.34, 1.5, -1.91]
55.39,[354.8, 351.23, 297.32, 392.78, 387.0, 487.58, 271.73, 421.92, 324.55, 34.07, 34.53, 45.79, 32.99, 25.94, 46.56, 31.72, 62.72, 44.96, 32.15, 18.68, 99.0, 98.49, 98.61, -2.65, 0.82, -0.96, -5.06, -0.34, 3.45, 0.92, 0.31, 5.17, 2.77, 0.65, -18.76, 1.57, -8.31, 1.39, 1.01, 15.69, 2.51, -2.31]
55.43,[354.82, 351.28, 297.24, 392.75, 386.98, 487.61, 271.76, 422.08, 324.41, 34.07, 34.53, 45.8, 32.99, 25.91, 46.57, 31.7, 62.72, 44.95, 32.16, 18.68, 98.96, 98.51, 98.62, -2.65, 0.82, -0.96, -5.07, -0.34, 3.46, 0.92, 0.31, 5.17, 2.77, 0.65, -18.78, 1.57, -8.31, 1.39, 1.01, 15.69, 2.5, -2.33]
55.43,[362.49, 344.39, 384.24, 388.33, 383.95, 479.71, 259.99, 419.94, 314.61, 36.03, 34.4, 45.6, 33.37, 22.49, 43.34, 35.05, 62.87, 43.65, 31.7, 16.8, 116.56, 103.02, 97.75, -2.48, 0.46, -1.03, -5.3, 0.2, 3.73, 2.53, -0.26, 5.4, 3.58, 1.77, -19.67, 1.67, -6.92, 1.53, 0.07, 15.37, 1.13, -2.23]
55.51,[354.78, 347.28, 301.19, 408.49, 391.0, 498.9, 250.37, 418.2, 352.92, 35.05, 36.15, 44.49, 34.11, 32.36, 44.43, 36.57, 62.57, 47.16, 30.76, 20.5, 158.94, 93.93, 101.58, -2.65, 0.46, -0.86, -4.1, -0.34, 4.25, 1.62, 0.03, 5.23, 2.31, 0.4, -17.79, -0.54, -7.86, 1.39, -1.68, 17.24, 3.19, -1.75]
55.53,[352.32, 342.18, 291.82, 396.67, 375.24, 475.71, 253.68, 411.38, 367.42, 35.14, 36.88, 45.0, 35.28, 34.24, 41.79, 36.85, 62.05, 47.05, 30.05, 19.0, 107.13, 96.79, 99.59, -2.67, 0.44, -1.5, -5.39, 0.62, 2.85, 1.95, -0.29, 5.33, 2.12, -1.04, -17.05, -3.18, -7.35, 1.74, 0.73, 15.6, 1.62, -2.92]
55.55,[363.13, 344.46, 390.6, 388.17, 383.71, 479.69, 260.08, 420.2, 313.89, 36.14, 34.41, 45.63, 33.39, 22.1, 43.2, 35.01, 62.91, 43.49, 31.72, 16.75, 113.18, 103.17, 97.48, -2.47, 0.47, -1.02, -5.33, 0.21, 3.74, 2.59, -0.27, 5.4, 3.64, 1.87, -19.79, 1.79, -6.85, 1.53, 0.12, 15.27, 1.08, -2.28]
55.55,[355.14, 352.84, 303.12, 390.28, 387.1, 488.75, 275.13, 422.53, 322.49, 33.72, 34.51, 45.81, 33.02, 25.14, 46.67, 29.9, 62.73, 44.9, 32.26, 18.8, 97.81, 98.15, 98.49, -2.68, 0.92, -0.91, -4.98, -0.47, 3.37, 0.71, 0.47, 5.12, 2.8, 0.76, -18.78, 1.93, -8.53, 1.33, 1.74, 15.21, 2.6, -2.38]
55.55,[348.73, 350.19, 318.97, 398.17, 385.89, 480.56, 253.94, 414.82, 362.31, 34.98, 34.83, 45.22, 33.02, 31.82, 45.62, 36.44, 62.08, 48.35, 31.46, 19.21, 111.2, 99.2, 98.27, -2.19, 0.62, -1.08, -3.74, -0.13, 3.93, 1.94, -0.22, 5.48, 2.74, -2.18, -16.81, 0.7, -7.06, 1.67, -0.53, 16.64, 2.37, -2.32]
55.57,[350.19, 342.71, 241.56, 403.53, 389.41, 468.43, 250.08, 418.03, 317.38, 33.89, 33.56, 45.74, 32.2, 26.66, 47.2, 33.22, 61.72, 49.87, 31.33, 19.43, 203.76, 99.39, 103.71, -2.57, 0.27, -1.48, -5.18, -0.12, 3.73, 0.86, -0.23, 4.97, 2.33, 0.62, -18.3, 1.53, -8.63, 1.11, -1.38, 13.81, 1.69, -1.43]
55.59,[362.79, 344.38, 386.67, 388.21, 383.86, 479.68, 259.88, 420.23, 314.11, 36.07, 34.39, 45.62, 33.36, 22.3, 43.29, 35.02, 62.88, 43.57, 31.71, 16.77, 115.35, 103.14, 97.65, -2.48, 0.47, -1.02, -5.32, 0.2, 3.73, 2.55, -0.27, 5.4, 3.61, 1.81, -19.74, 1.72, -6.9, 1.52, 0.09, 15.34, 1.1, -2.26]
55.62,[342.52, 343.64, 267.77, 390.96, 368.92, 487.54, 264.76, 405.06, 335.94, 35.3, 34.99, 44.94, 34.93, 28.73, 47.02, 36.23, 62.17, 46.46, 30.42, 18.2, 161.94, 99.05, 100.57, -2.8, 0.58, -0.9, -3.17, -0.33, 5.03, 1.3, -0.07, 5.41, 2.56, 1.27, -17.76, -1.86, -8.31, 1.31, -1.44, 16.61, 2.36, -2.32]
55.66,[353.22, 364.64, 251.73, 392.34, 380.04, 474.19, 259.66, 403.28, 356.6, 37.06, 35.44, 46.06, 37.11, 33.48, 42.25, 34.81, 65.19, 48.98, 31.24, 16.93, 94.15, 94.66, 99.18, -2.45, 0.18, -1.32, -2.26, 0.67, 4.45, 2.32, -0.96, 4.8, 4.86, 1.92, -22.14, 1.41, -5.16, 1.48, -1.64, 21.63, 1.42, -2.08]
55.68,[349.32, 344.84, 279.65, 393.68, 387.54, 481.07, 264.8, 407.61, 336.25, 34.05, 34.62, 44.86, 33.47, 30.39, 45.44, 36.22, 62.44, 46.89, 31.2, 18.1, 168.77, 98.13, 102.18, -2.77, 0.29, -1.09, -4.49, -0.07, 3.52, 1.61, -0.15, 5.28, 2.46, -0.04, -16.82, -0.37, -8.11, 1.53, -0.83, 16.82, 2.4, -1.17]
55.69,[350.07, 340.77, 338.6, 393.06, 371.94, 481.13, 267.45, 421.83, 367.08, 34.54, 35.36, 45.7, 36.68, 30.43, 39.84, 39.7, 61.57, 46.31, 31.05, 18.41, 101.59, 97.3, 100.12, -2.07, 0.39, -1.13, -3.97, -0.16, 3.59, 1.97, -0.29, 5.33, 2.38, 0.42, -15.1, -0.49, -7.84, 1.72, -2.04, 16.31, 2.41, -1.68]
55.69,[354.2, 342.27, 266.66, 397.46, 388.39, 480.13, 262.82, 422.07, 343.23, 33.95, 34.43, 45.85, 32.94, 27.02, 46.58, 31.05, 62.44, 49.39, 31.95, 18.7, 90.17, 98.69, 99.27, -2.65, 0.64, -1.02, -4.92, -0.36, 3.36, 0.53, -0.01, 5.13, 2.46, 0.34, -19.31, 1.91, -8.73, 1.31, 0.41, 15.04, 2.19, -1.93]
55.72,[353.6, 338.78, 282.96, 407.89, 389.38, 466.76, 267.05, 422.53, 360.71, 34.42, 36.22, 45.13, 33.31, 27.75, 43.56, 33.32, 61.33, 49.7, 30.81, 19.82, 118.96, 98.7, 104.12, -2.62, 0.47, -1.17, -4.68, -0.55, 2.36, 1.72, 0.22, 5.37, 2.73, 0.92, -15.72, 1.89, -8.65, 1.34, 1.06, 14.36, 1.63, -1.77]
55.73,[349.6, 335.97, 345.3, 392.39, 390.62, 489.83, 263.24, 389.5, 333.52, 35.2, 34.87, 44.71, 34.35, 29.23, 43.24, 36.34, 62.52, 45.95, 31.08, 17.45, 123.11, 97.36, 95.3, -2.68, 0.72, -0.77, -3.86, -0.08, 3.9, 2.3, -0.12, 5.11, 2.64, 1.32, -15.66, 1.72, -7.58, 1.47, -0.22, 15.07, 3.19, 1.24]
55.74,[353.68, 338.8, 282.68, 407.98, 389.5, 466.75, 267.07, 422.95, 360.88, 34.41, 36.21, 45.1, 33.31, 27.71, 43.57, 33.34, 61.32, 49.68, 30.82, 19.8, 118.86, 98.68, 103.86, -2.62, 0.47, -1.15, -4.69, -0.57, 2.35, 1.74, 0.23, 5.39, 2.74, 0.93, -15.65, 1.93, -8.66, 1.35, 1.04, 14.36, 1.63, -1.78]
55.96,[347.89, 342.53, 242.21, 382.13, 387.8, 476.1, 254.49, 420.21, 335.3, 34.03, 34.21, 44.33, 33.11, 30.51, 47.44, 34.91, 62.27, 46.91, 31.26, 19.14, 207.1, 104.44, 103.1, -2.83, 0.27, -1.69, -4.83, 0.72, 3.84, 0.38, -0.2, 4.84, 2.37, -0.33, -16.45, -0.46, -8.15, 1.14, -0.95, 13.33, 1.95, 1.07]
55.97,[355.61, 345.12, 261.21, 390.46, 399.94, 477.07, 252.5, 419.55, 370.28, 32.6, 33.85, 45.23, 34.2, 29.7, 47.33, 35.45, 61.65, 46.74, 32.39, 17.74, 226.96, 101.45, 98.49, -2.97, 0.32, -1.49, -5.14, -0.18, 3.9, 1.51, -0.14, 5.49, 2.45, 0.24, -16.58, -1.26, -7.01, 1.12, -1.64, 17.51, 1.63, -1.61]
55.99,[354.45, 347.5, 333.78, 402.72, 390.86, 497.92, 248.4, 416.05, 349.23, 34.57, 35.18, 44.37, 34.04, 31.56, 45.63, 35.42, 62.14, 46.13, 31.36, 19.46, 158.24, 97.26, 102.13, -2.83, 0.46, -1.04, -4.88, -0.28, 3.57, 1.26, -0.15, 5.12, 2.25, -0.22, -17.33, -0.86, -6.54, 1.21, -0.91, 16.92, 2.62, -1.96]
55.99,[351.26, 339.13, 310.45, 385.11, 382.54, 495.61, 261.43, 401.32, 338.47, 34.52, 35.79, 43.78, 34.04, 33.31, 42.39, 35.6, 62.05, 44.99, 31.12, 18.32, 100.63, 99.0, 102.57, -2.72, 0.7, -0.44, -2.4, -0.26, 4.33, 2.15, -0.09, 5.31, 2.41, 0.69, -16.82, 0.19, -7.46, 1.4, -0.91, 16.77, 2.44, -1.91]
56.04,[354.49, 347.06, 331.15, 402.71, 390.89, 496.96, 248.63, 416.23, 349.22, 34.58, 35.22, 44.39, 33.99, 31.46, 45.5, 35.41, 62.14, 46.32, 31.36, 19.49, 158.29, 97.26, 102.1, -2.82, 0.46, -1.04, -4.87, -0.29, 3.53, 1.26, -0.14, 5.12, 2.27, -0.15, -17.34, -0.72, -6.7, 1.21, -0.84, 17.0, 2.57, -1.96]
56.07,[354.55, 345.31, 323.54, 402.48, 390.8, 493.65, 249.5, 417.34, 349.08, 34.56, 35.41, 44.43, 33.91, 31.05, 44.98, 35.32, 62.26, 47.04, 31.34, 19.56, 157.15, 97.34, 101.86, -2.8, 0.46, -1.06, -4.83, -0.35, 3.36, 1.27, -0.12, 5.13, 2.35, 0.08, -17.26, -0.21, -7.2, 1.24, -0.6, 17.29, 2.35, -1.97]
56.09,[353.07, 352.3, 234.28, 389.91, 381.04, 498.7, 275.47, 419.37, 341.07, 33.69, 34.22, 44.88, 34.18, 30.06, 48.37, 31.22, 61.78, 47.16, 31.96, 18.57, 89.74, 93.39, 99.91, -2.63, 0.62, -0.8, -4.57, -0.34, 3.29, 0.25, 0.23, 5.21, 2.11, -0.41, -14.32, 1.2, -8.31, 1.42, -0.53, 16.8, 2.57, -2.75]
56.09,[355.08, 347.13, 309.89, 404.05, 392.49, 493.13, 249.11, 413.46, 349.74, 34.75, 35.04, 44.67, 33.13, 31.21, 45.46, 35.72, 61.53, 46.62, 31.65, 19.8, 168.19, 96.83, 102.8, -2.88, 0.5, -1.07, -4.95, -0.42, 3.49, 1.18, -0.03, 5.12, 2.09, 0.06, -18.36, -0.18, -7.63, 1.16, -0.44, 17.39, 2.56, -1.92]
56.14,[346.44, 353.53, 276.76, 377.86, 366.85, 482.79, 239.02, 420.79, 368.3, 33.93, 33.65, 45.69, 34.6, 35.31, 45.31, 37.59, 61.93, 47.9, 28.85, 20.88, 100.0, 94.2, 100.0, -2.38, 0.86, -1.14, -4.01, -0.07, 3.33, 0.39, -0.22, 5.26, 2.63, -0.18, -18.64, 0.87, -4.59, 1.18, -1.02, 17.62, 4.67, -1.94]
56.16,[354.88, 345.44, 318.75, 402.3, 392.48, 492.11, 248.63, 416.04, 348.9, 34.66, 35.31, 44.42, 33.67, 31.09, 45.22, 35.57, 62.18, 46.62, 31.4, 19.52, 166.71, 97.39, 102.17, -2.82, 0.5, -0.87, -5.08, -0.38, 3.51, 1.23, -0.04, 5.17, 2.26, -0.03, -17.81, -0.46, -7.47, 1.25, -0.37, 17.45, 2.4, -1.88]
56.27,[355.44, 340.67, 252.03, 384.9, 385.76, 491.1, 262.96, 423.09, 319.05, 32.94, 33.25, 44.86, 32.5, 31.87, 46.71, 35.97, 63.74, 45.73, 31.84, 17.79, 113.08, 99.68, 95.69, -3.1, 0.23, -0.96, -4.01, 0.26, 4.54, 2.44, -0.22, 5.8, 2.37, -0.83, -22.08, -1.65, -7.9, 1.23, -2.51, 17.91, 0.47, -1.34]
56.28,[354.38, 341.06, 270.8, 405.3, 385.63, 490.18, 266.4, 416.78, 356.92, 35.04, 37.33, 45.76, 34.14, 26.65, 46.54, 42.14, 62.05, 44.26, 30.56, 18.86, 115.33, 101.14, 113.76, -2.52, 0.44, -1.26, -5.02, 0.5, 3.92, 1.79, -0.61, 4.9, 2.81, 0.69, -16.68, 1.91, -8.09, 1.33, -4.96, 18.3, 1.95, -2.09]
56.31,[355.49, 358.0, 252.22, 415.1, 384.59, 396.41, 247.23, 433.02, 339.83, 33.51, 34.13, 44.3, 32.52, 29.59, 47.2, 35.69, 62.06, 46.83, 31.4, 18.06, 106.51, 102.2, 99.01, -3.1, 0.55, -1.32, -5.12, -0.08, 4.27, 0.97, -0.21, 5.71, 2.59, -0.67, -18.36, -0.72, -8.07, 1.8, -2.84, 17.52, 0.96, -3.17]
56.39,[354.39, 348.23, 243.44, 395.52, 388.14, 496.48, 246.99, 419.46, 324.08, 33.83, 34.43, 45.03, 32.84, 30.33, 45.07, 35.27, 61.65, 46.24, 31.48, 18.0, 142.31, 99.21, 101.07, -2.88, 0.43, -1.03, -4.71, -0.05, 3.39, 1.89, 0.19, 5.27, 3.86, -0.29, -17.25, -0.1, -8.38, 1.54, -0.0, 16.92, 1.08, -2.0]
56.42,[354.38, 343.07, 281.81, 405.58, 388.64, 468.53, 267.17, 426.78, 363.51, 34.45, 35.88, 44.71, 33.59, 27.91, 43.25, 33.97, 61.29, 49.08, 30.86, 19.66, 113.97, 97.4, 98.81, -2.62, 0.52, -0.8, -4.59, -0.71, 2.72, 1.98, 0.3, 5.69, 2.75, 1.11, -14.8, 2.0, -8.31, 1.39, 0.33, 14.65, 1.74, -1.97]
56.43,[355.19, 345.73, 352.02, 403.41, 392.91, 504.42, 243.06, 416.25, 348.21, 34.47, 35.43, 44.1, 33.95, 31.73, 45.41, 35.77, 62.35, 46.18, 31.46, 19.94, 183.32, 96.86, 102.33, -2.86, 0.49, -1.02, -5.17, -0.44, 3.44, 0.99, -0.14, 5.0, 2.0, -0.27, -17.36, -0.84, -6.82, 1.12, -0.83, 17.64, 2.66, -2.12]
56.44,[351.98, 359.62, 255.61, 398.97, 377.52, 487.61, 272.09, 464.64, 345.99, 33.88, 33.48, 43.23, 34.32, 30.93, 43.79, 36.91, 64.68, 46.35, 30.18, 18.72, 100.0, 97.49, 100.42, -1.85, -0.47, 0.04, -4.41, -0.03, 4.58, 1.3, -0.19, 5.56, 2.71, 0.83, -13.81, 1.02, -7.46, 0.66, 0.57, 18.32, 3.84, -1.84]
56.61,[353.16, 338.31, 275.78, 397.7, 382.86, 488.21, 254.48, 415.31, 339.61, 34.61, 35.33, 44.25, 34.05, 30.77, 44.01, 37.1, 61.62, 46.83, 31.33, 19.04, 153.94, 96.87, 100.11, -2.71, 0.45, -0.97, -3.75, -0.35, 3.31, 1.05, -0.1, 5.39, 2.29, 0.05, -15.15, 0.01, -8.56, 1.39, -1.11, 17.09, 2.57, -1.66]
56.65,[358.44, 352.47, 255.12, 384.79, 372.5, 480.91, 268.54, 410.05, 349.33, 34.63, 35.08, 45.29, 34.66, 32.15, 40.91, 34.02, 62.19, 46.87, 30.69, 21.69, 99.86, 93.93, 99.65, -2.64, 0.63, -0.44, -3.84, 0.21, 4.92, 0.02, -0.64, 4.91, 1.83, -0.45, -15.9, 1.32, -5.56, 1.47, -0.5, 17.03, 3.78, -1.84]
56.67,[354.48, 342.25, 283.53, 407.24, 389.5, 467.63, 267.16, 428.29, 364.5, 34.42, 35.95, 44.67, 33.47, 27.64, 43.45, 33.95, 61.2, 49.19, 30.9, 19.52, 115.04, 97.59, 98.75, -2.62, 0.53, -0.83, -4.66, -0.74, 2.59, 2.15, 0.37, 5.73, 2.79, 1.24, -14.71, 2.05, -8.48, 1.41, 0.38, 14.51, 1.6, -1.97]
56.67,[346.22, 355.49, 282.85, 377.21, 402.97, 493.39, 253.03, 424.56, 356.39, 34.9, 33.78, 45.57, 34.83, 30.82, 44.73, 34.53, 59.51, 46.18, 32.61, 21.04, 111.02, 91.19, 98.16, -1.68, 0.49, -2.25, -4.3, 0.08, 2.83, -0.17, -0.73, 4.35, 2.61, -0.72, -16.27, -0.49, -5.55, 0.99, -1.27, 15.61, 4.99, -2.28]

   31.9379	:   41.6727
   66.1424	:   82.4524
  163.9637	:  144.8688
  180.7203	:  187.6780
  238.8148	:  242.8652
  289.4202	:  314.8924
  340.5977	:  368.7807
  428.1714	:  416.4772
  566.6117	:  517.3864
  605.2522	:  576.8891
  611.5905	:  625.5241
  677.3781	:  681.2692
  729.0521	:  745.7905
  765.3851	:  757.0942
  809.6147	:  815.0320
  836.2716	:  826.0220
  930.9489	:  886.6840
  991.5424	:  930.6703
 1005.5582	:  978.2968
 1047.5912	: 1017.8596
 1055.3311	: 1036.2979
 1075.0166	: 1041.8108
 1092.9205	: 1068.0803
 1106.1224	: 1093.1219
 1121.3484	: 1100.1316
 1222.8444	: 1190.6831
 1252.4495	: 1218.2301
 1272.9654	: 1243.3341
 1297.0991	: 1305.3387
 1341.2531	: 1351.4350
 1351.3738	: 1370.9743
 1372.5158	: 1383.7011
 1387.3022	: 1393.1460
 1398.8874	: 1398.8267
 1411.8099	: 1406.5118
 1415.9309	: 1463.5155
 1425.7842	: 1506.4298
 1427.8243	: 1507.3387
 1533.9560	: 1548.4247
 1537.9800	: 1581.9811
 2916.7012	: 2891.3287
 2940.5125	: 2922.8148
 2945.3400	: 2966.0584
 2980.0839	: 2995.9876
 3000.1852	: 2999.6163
 3003.7189	: 3023.8409
 3022.8626	: 3025.0369
 3039.6000	: 3026.1943
 3140.8446	: 3143.8981
 3157.4957	: 3149.6944
 3164.6705	: 3172.2556

    1.3048
    1.2466
    0.8835
    1.0385
    1.0170
    1.0880
    1.0827
    0.9727
    0.9131
    0.9531
    1.0228
    1.0057
    1.0230
    0.9892
    1.0067
    0.9877
    0.9525
    0.9386
    0.9729
    0.9716
    0.9820
    0.9691
    0.9773
    0.9882
    0.9811
    0.9737
    0.9727
    0.9767
    1.0064
    1.0076
    1.0145
    1.0081
    1.0042
    1.0000
    0.9962
    1.0336
    1.0566
    1.0557
    1.0094
    1.0286
    0.9913
    0.9940
    1.0070
    1.0053
    0.9998
    1.0067
    1.0007
    0.9956
    1.0010
    0.9975
    1.0024

set im21b1 351.31
set im21b2 344.30
set im21b3 261.65
set im21b4 392.69
set im21b5 387.33
set im21b6 480.61
set im21b7 256.27
set im21b8 421.93
set im21b9 328.25
set im21a1 34.01
set im21a2 34.22
set im21a3 45.02
set im21a4 32.81
set im21a5 30.31
set im21a6 46.15
set im21a7 35.93
set im21a8 62.00
set im21a9 46.79
set im21a10 31.33
set im21a11 18.40
set im21a12 188.15
set im21a13 100.12
set im21a14 103.23
set im21d1 -2.83
set im21d2 0.27
set im21d3 -1.15
set im21d4 -4.70
set im21d5 -0.02
set im21d6 3.83
set im21d7 1.42
set im21d8 -0.17
set im21d9 5.53
set im21d10 2.50
set im21d11 -0.18
set im21d12 -17.63
set im21d13 -0.89
set im21d14 -8.17
set im21d15 1.60
set im21d16 -0.89
set im21d17 17.36
set im21d18 1.99
set im21d19 -1.65
