Generation 100
183.79,[500.0, 1000.0, 486.961, 20.0, 195.767, 187.286, 87.336, 0.5, 20.0]
195.52,[419.342, 982.39, 462.761, 29.434, 188.259, 200.0, 77.898, 0.651, 34.247]
196.41,[435.969, 982.072, 472.117, 23.441, 184.423, 200.0, 77.973, 0.5, 31.517]
196.46,[429.294, 999.681, 493.409, 36.394, 187.336, 200.0, 80.715, 0.515, 29.419]
196.53,[431.92, 994.807, 485.961, 32.641, 186.21, 199.748, 79.578, 0.512, 28.472]
196.57,[432.537, 997.273, 469.202, 29.08, 184.16, 199.474, 82.662, 0.546, 30.57]
196.77,[431.309, 981.981, 486.823, 29.004, 185.757, 200.0, 85.068, 0.527, 29.778]
196.81,[439.105, 987.962, 486.18, 27.971, 183.057, 200.0, 82.185, 0.62, 29.968]
196.84,[419.812, 982.427, 484.709, 30.273, 190.93, 197.138, 80.85, 0.59, 31.752]
196.89,[427.009, 1003.793, 468.713, 31.31, 189.3, 199.931, 82.017, 0.716, 26.313]
197.15,[432.791, 993.111, 488.281, 33.744, 185.859, 199.916, 79.516, 0.501, 29.195]
197.25,[423.564, 1000.0, 464.023, 30.317, 185.755, 192.276, 76.285, 0.5, 30.65]
197.47,[436.987, 987.707, 477.498, 28.815, 185.412, 200.073, 82.349, 0.612, 29.876]
197.64,[435.579, 992.872, 534.86, 28.704, 181.228, 198.55, 83.055, 0.594, 29.64]
200.57,[413.381, 994.604, 495.445, 31.255, 184.563, 203.767, 82.26, 0.687, 28.325]
200.64,[443.26, 957.76, 511.139, 21.136, 181.843, 200.0, 73.293, 0.5, 28.477]
201.18,[433.076, 945.615, 496.57, 25.16, 184.753, 200.0, 78.817, 0.5, 25.601]
201.30,[429.045, 994.846, 488.553, 34.908, 185.636, 200.0, 79.202, 0.5, 30.086]
201.36,[430.981, 1000.0, 494.133, 25.013, 186.61, 200.0, 81.037, 0.55, 29.982]
201.45,[433.946, 999.827, 518.664, 29.388, 181.4, 200.0, 78.488, 0.545, 29.759]
201.48,[432.185, 995.181, 493.793, 27.49, 180.194, 200.0, 79.533, 0.548, 31.08]
201.52,[434.494, 986.252, 513.459, 30.699, 180.908, 200.383, 79.79, 0.573, 30.584]
201.54,[435.057, 973.439, 517.827, 21.218, 177.111, 200.0, 78.592, 0.5, 30.763]
201.57,[423.539, 984.248, 469.234, 29.836, 185.347, 200.0, 81.454, 0.688, 27.499]
201.58,[433.469, 987.549, 510.476, 30.234, 182.191, 200.0, 80.002, 0.578, 30.967]
201.71,[434.585, 986.673, 482.02, 26.126, 184.294, 200.0, 76.77, 0.68, 33.587]
201.72,[418.404, 1000.0, 527.226, 27.032, 175.984, 194.382, 73.995, 0.578, 27.873]
201.72,[431.124, 960.285, 494.756, 30.585, 184.901, 199.977, 82.123, 0.52, 28.768]
201.74,[436.478, 979.278, 489.767, 23.169, 181.447, 200.0, 78.703, 0.5, 30.862]
201.74,[436.478, 979.278, 489.767, 23.169, 181.447, 200.0, 78.703, 0.5, 30.862]
201.82,[434.995, 981.805, 483.219, 22.492, 183.184, 200.0, 79.34, 0.5, 30.686]
201.85,[443.424, 999.759, 546.131, 28.542, 178.455, 200.0, 78.152, 0.5, 30.762]
201.88,[434.766, 991.379, 531.017, 29.137, 182.336, 199.76, 80.537, 0.573, 29.391]
201.92,[430.926, 983.343, 524.238, 28.125, 181.068, 198.943, 82.266, 0.571, 28.989]
201.92,[430.028, 993.556, 465.583, 30.175, 188.016, 200.068, 82.556, 0.725, 32.352]
201.95,[422.108, 999.643, 523.077, 28.505, 178.901, 195.104, 76.518, 0.561, 26.915]
201.96,[442.724, 997.27, 487.898, 26.063, 182.437, 200.0, 77.751, 0.5, 30.117]
202.10,[420.663, 1000.642, 530.273, 27.17, 177.497, 194.083, 75.959, 0.574, 26.254]
202.18,[431.061, 999.575, 473.876, 21.798, 169.944, 199.85, 73.914, 0.662, 20.1]
202.25,[437.851, 987.998, 527.242, 25.083, 184.33, 200.18, 79.697, 0.612, 26.715]
202.28,[435.714, 991.872, 532.319, 28.692, 181.398, 198.556, 83.049, 0.602, 29.686]
202.46,[441.993, 987.111, 515.34, 27.494, 183.972, 199.569, 81.284, 0.572, 27.117]
202.61,[433.755, 971.244, 516.293, 23.699, 183.839, 196.941, 81.389, 0.628, 29.019]
202.63,[413.701, 1000.0, 464.197, 24.135, 180.466, 195.305, 79.606, 0.751, 24.562]
202.93,[416.032, 1041.213, 467.611, 24.002, 180.486, 193.942, 79.265, 0.747, 24.385]
203.38,[404.566, 1090.672, 480.52, 29.469, 169.703, 189.058, 80.895, 0.857, 21.605]
203.38,[309.682, 501.105, 461.271, 63.77, 145.876, 198.328, 84.319, 0.5, 89.16]
203.59,[400.653, 1110.256, 484.303, 29.752, 163.387, 186.706, 80.619, 0.869, 21.201]
204.25,[461.695, 1000.0, 509.704, 26.231, 190.79, 200.0, 82.74, 0.827, 24.177]
204.28,[428.248, 987.279, 466.265, 30.848, 188.049, 200.072, 82.521, 0.727, 32.496]
205.66,[440.27, 997.782, 474.064, 26.4, 195.043, 200.0, 79.715, 0.662, 20.0]
207.19,[452.296, 953.486, 472.748, 25.462, 187.109, 180.509, 76.226, 0.703, 20.0]
210.16,[254.252, 681.423, 533.591, 38.901, 188.481, 193.587, 84.263, 0.769, 39.601]
211.07,[264.875, 625.621, 328.63, 57.76, 243.113, 128.642, 116.929, 3.788, 110.277]
212.05,[458.718, 886.837, 412.829, 60.452, 149.606, 199.338, 100.414, 1.079, 57.135]
212.05,[458.718, 886.837, 412.829, 60.452, 149.606, 199.338, 100.414, 1.079, 57.135]
213.96,[459.972, 934.661, 498.558, 28.17, 222.469, 210.194, 78.743, 0.776, 20.0]
220.78,[462.794, 1082.777, 566.041, 43.288, 195.28, 197.588, 98.176, 1.262, 20.0]
221.63,[438.315, 983.763, 478.73, 30.552, 189.437, 200.0, 82.875, 0.525, 31.35]
222.28,[376.69, 1103.282, 496.41, 45.25, 175.466, 204.962, 88.339, 0.704, 46.508]
222.32,[436.063, 996.896, 480.907, 24.079, 191.91, 198.93, 80.251, 0.732, 20.647]
223.60,[459.376, 935.791, 498.335, 28.044, 221.43, 209.936, 78.742, 0.769, 20.0]
223.70,[389.903, 998.721, 503.43, 34.364, 186.457, 206.949, 82.089, 0.76, 26.823]
223.76,[468.626, 983.071, 483.925, 26.175, 190.616, 197.176, 81.406, 0.665, 33.774]
226.48,[481.81, 1000.0, 427.261, 21.832, 186.764, 160.419, 87.037, 0.5, 41.631]
226.53,[415.334, 1075.621, 465.967, 20.0, 169.401, 181.432, 109.389, 0.817, 20.0]
229.29,[332.526, 801.566, 446.499, 58.437, 165.338, 198.575, 99.178, 0.576, 52.655]
229.50,[338.123, 789.09, 459.267, 59.62, 162.371, 199.717, 99.503, 0.672, 53.421]
229.50,[338.123, 789.09, 459.267, 59.62, 162.371, 199.717, 99.503, 0.672, 53.421]
229.50,[338.123, 789.09, 459.267, 59.62, 162.371, 199.717, 99.503, 0.672, 53.421]
229.50,[338.123, 789.09, 459.267, 59.62, 162.371, 199.717, 99.503, 0.672, 53.421]
229.77,[422.68, 1000.0, 463.002, 28.159, 198.95, 199.951, 82.173, 0.799, 23.477]
230.19,[423.621, 1000.0, 481.836, 25.77, 194.514, 196.321, 82.036, 0.618, 34.645]
230.34,[415.974, 994.16, 482.242, 29.882, 184.784, 197.696, 82.883, 0.562, 31.151]
230.36,[426.114, 1010.212, 480.617, 25.337, 190.911, 197.711, 81.049, 0.587, 33.476]
230.37,[423.454, 983.617, 483.374, 29.674, 190.353, 200.227, 84.835, 0.591, 34.249]
230.39,[422.607, 985.07, 485.327, 30.054, 191.083, 200.167, 82.59, 0.607, 34.248]
230.53,[424.304, 985.006, 498.085, 28.857, 188.537, 200.118, 82.801, 0.58, 32.4]
230.57,[416.236, 990.063, 490.504, 28.607, 185.79, 200.0, 84.781, 0.745, 31.745]
230.60,[429.135, 994.852, 484.92, 27.013, 188.494, 199.788, 81.299, 0.571, 30.636]
230.60,[421.261, 989.58, 482.545, 31.106, 189.559, 197.766, 81.74, 0.632, 29.732]
230.61,[414.947, 993.244, 494.649, 31.11, 184.726, 203.412, 82.138, 0.688, 28.424]
230.66,[421.065, 982.949, 464.377, 29.993, 190.49, 200.0, 82.346, 0.68, 34.025]
230.67,[421.141, 982.323, 464.225, 30.042, 190.414, 200.0, 82.481, 0.683, 33.944]
230.69,[418.344, 985.173, 485.224, 30.427, 185.338, 199.946, 83.263, 0.686, 29.781]
230.71,[419.196, 994.628, 458.52, 31.217, 189.089, 200.0, 80.515, 0.621, 28.572]
230.77,[424.574, 994.784, 465.07, 31.124, 188.717, 200.089, 79.805, 0.587, 30.707]
230.86,[427.336, 982.276, 476.54, 26.824, 189.923, 200.0, 80.6, 0.73, 31.677]
230.92,[427.491, 988.74, 480.401, 26.751, 181.893, 195.62, 82.259, 0.574, 32.393]
230.92,[421.831, 985.705, 476.566, 29.829, 185.425, 199.469, 83.026, 0.71, 28.239]
230.93,[432.95, 994.863, 486.384, 28.069, 190.951, 199.713, 82.881, 0.668, 30.605]
230.94,[426.782, 984.078, 478.229, 29.27, 185.973, 199.973, 81.417, 0.661, 32.406]
230.94,[430.23, 990.934, 505.736, 29.088, 187.506, 200.086, 81.465, 0.561, 32.041]
230.95,[428.708, 985.233, 470.675, 29.428, 188.052, 200.035, 82.348, 0.647, 32.033]
230.95,[430.816, 992.826, 480.924, 27.882, 184.086, 199.882, 83.09, 0.587, 30.274]
230.97,[430.961, 955.753, 496.301, 30.304, 184.682, 200.0, 82.411, 0.521, 28.749]
230.97,[430.487, 952.002, 497.982, 30.551, 184.677, 200.0, 82.425, 0.52, 28.533]
230.99,[425.818, 983.969, 486.204, 29.308, 184.027, 199.674, 81.705, 0.652, 27.959]
231.00,[437.377, 983.542, 472.249, 25.382, 184.107, 200.0, 82.065, 0.5, 31.086]
231.01,[435.368, 990.731, 477.108, 27.949, 184.954, 200.097, 82.226, 0.532, 30.842]
231.02,[435.39, 990.803, 480.592, 27.996, 184.73, 200.0, 82.278, 0.536, 30.769]
231.02,[435.39, 990.803, 480.592, 27.996, 184.73, 200.0, 82.278, 0.536, 30.769]
231.02,[435.39, 990.803, 480.592, 27.996, 184.73, 200.0, 82.278, 0.536, 30.769]
231.02,[435.324, 990.588, 470.184, 27.856, 185.4, 200.291, 82.123, 0.523, 30.987]
231.02,[435.472, 990.784, 480.704, 27.98, 184.708, 200.0, 82.287, 0.536, 30.78]
231.03,[432.315, 993.404, 483.467, 32.634, 186.498, 199.806, 80.021, 0.513, 28.907]
231.05,[438.118, 977.23, 491.009, 31.726, 192.753, 200.0, 81.591, 0.557, 34.078]
231.05,[435.697, 990.487, 477.907, 27.951, 184.787, 200.089, 82.223, 0.54, 30.765]
231.05,[436.216, 991.903, 485.361, 23.075, 180.547, 199.814, 79.83, 0.537, 30.206]
231.06,[427.796, 967.909, 481.731, 28.144, 183.373, 199.851, 83.162, 0.67, 30.076]
231.06,[435.177, 987.595, 468.785, 25.824, 184.484, 200.0, 77.887, 0.533, 30.528]
231.09,[432.496, 997.373, 469.021, 29.096, 184.148, 199.466, 82.669, 0.546, 30.568]
231.13,[435.003, 992.872, 466.458, 28.704, 188.461, 198.55, 83.048, 0.594, 31.873]
231.13,[435.003, 992.872, 466.458, 28.704, 188.461, 198.55, 83.048, 0.594, 31.873]
231.18,[434.953, 1000.65, 484.61, 27.778, 186.215, 199.899, 80.717, 0.641, 30.972]
231.27,[421.936, 978.164, 452.429, 30.226, 183.119, 194.185, 79.359, 0.578, 27.553]
231.28,[431.8, 967.365, 480.935, 28.395, 183.82, 199.709, 83.147, 0.69, 29.731]
231.28,[441.357, 924.971, 462.262, 27.356, 190.198, 193.165, 79.353, 0.5, 31.439]
231.29,[425.637, 983.424, 450.619, 28.419, 184.391, 199.375, 78.634, 0.613, 30.541]
231.39,[437.989, 992.711, 480.462, 28.488, 187.469, 197.624, 81.717, 0.662, 30.81]
231.44,[436.536, 974.287, 491.661, 28.807, 188.951, 197.422, 83.346, 0.732, 29.264]
231.46,[436.824, 1022.023, 478.151, 29.283, 185.341, 203.785, 80.483, 0.677, 25.168]
231.47,[436.677, 1025.706, 477.86, 29.383, 185.074, 204.559, 80.328, 0.678, 24.458]
231.48,[438.319, 992.094, 468.678, 29.591, 189.65, 199.856, 82.745, 0.698, 29.396]
231.49,[436.684, 968.943, 490.503, 28.362, 186.252, 200.034, 79.741, 0.71, 29.093]
231.51,[435.276, 972.649, 480.196, 28.396, 186.204, 200.001, 82.234, 0.766, 30.743]
231.54,[456.196, 990.588, 485.992, 27.856, 194.714, 200.291, 81.405, 0.523, 29.95]
231.54,[429.729, 1000.0, 468.965, 26.797, 192.137, 191.511, 80.731, 0.888, 27.635]
231.58,[434.977, 999.161, 465.81, 30.048, 188.017, 199.71, 79.234, 0.736, 31.966]
231.59,[433.621, 988.599, 523.655, 28.427, 182.973, 200.284, 83.417, 0.553, 31.037]
231.62,[439.479, 971.941, 482.179, 28.839, 187.293, 197.853, 80.228, 0.709, 29.965]
231.63,[439.71, 971.245, 482.186, 28.967, 187.434, 197.752, 80.391, 0.711, 29.794]
231.67,[440.845, 995.308, 468.972, 28.709, 188.04, 199.604, 79.8, 0.7, 30.042]
231.69,[454.653, 955.941, 488.722, 25.593, 190.737, 196.581, 82.009, 0.575, 33.56]
231.72,[462.232, 991.441, 472.418, 28.769, 198.131, 200.327, 81.967, 0.5, 31.015]
231.73,[440.537, 974.287, 479.015, 28.807, 186.454, 197.422, 83.001, 0.732, 30.672]
231.82,[437.853, 968.473, 512.41, 28.84, 182.01, 199.474, 80.218, 0.625, 29.741]
232.63,[456.196, 1000.0, 485.992, 34.933, 194.714, 198.232, 81.405, 0.791, 29.95]
232.91,[460.092, 1012.811, 465.94, 29.711, 188.018, 199.684, 79.751, 0.771, 22.604]
232.92,[461.428, 1015.461, 466.88, 29.519, 187.641, 200.171, 79.496, 0.75, 22.004]
233.10,[464.723, 1017.937, 466.074, 29.493, 187.825, 200.229, 79.203, 0.753, 21.485]
233.28,[471.466, 969.506, 485.473, 28.438, 188.158, 198.695, 82.75, 0.765, 20.0]
233.64,[180.731, 261.704, 532.247, 136.976, 39.686, 60.463, 62.94, 4.106, 136.953]
234.17,[402.481, 982.941, 454.036, 41.638, 154.721, 173.898, 80.902, 0.503, 29.771]
234.53,[236.768, 311.719, 539.663, 103.307, 191.527, 200.548, 78.776, 0.943, 47.937]
234.91,[426.676, 982.994, 485.534, 33.219, 187.04, 199.8, 79.557, 0.512, 28.9]
234.96,[237.291, 742.184, 517.606, 47.005, 140.516, 161.974, 62.343, 3.709, 72.388]
235.26,[434.92, 991.476, 479.656, 28.197, 184.846, 199.942, 82.253, 0.541, 30.659]
235.45,[437.984, 985.857, 481.153, 26.352, 183.545, 200.0, 80.68, 0.577, 30.522]
235.85,[430.061, 1000.0, 473.93, 21.922, 169.919, 200.0, 73.891, 0.665, 20.0]
235.91,[350.803, 1198.627, 646.116, 44.559, 164.526, 218.795, 73.848, 0.58, 32.999]
236.01,[500.0, 233.752, 535.588, 34.86, 190.973, 195.337, 87.107, 0.698, 20.0]
237.35,[457.014, 173.182, 193.936, 46.903, 139.526, 93.106, 146.288, 3.376, 164.128]
238.01,[297.262, 738.466, 524.063, 36.829, 188.417, 194.598, 83.963, 0.768, 35.72]
238.33,[467.765, 1087.137, 431.126, 35.5, 165.783, 213.536, 106.646, 0.5, 30.563]
238.39,[457.177, 991.902, 460.863, 22.085, 195.0, 189.527, 86.507, 0.657, 26.612]
238.53,[312.958, 745.278, 453.47, 43.277, 175.608, 197.848, 78.237, 0.756, 34.934]
238.60,[426.3, 982.989, 448.351, 31.347, 190.322, 200.097, 83.9, 0.789, 33.431]
238.83,[443.025, 914.637, 481.981, 33.082, 148.554, 204.612, 97.757, 0.5, 22.916]
239.27,[435.003, 983.839, 466.458, 32.584, 188.461, 200.2, 83.048, 0.521, 31.873]
239.79,[394.541, 781.296, 328.647, 30.468, 184.542, 201.282, 116.357, 0.526, 20.0]
240.98,[437.628, 944.701, 485.334, 30.081, 190.254, 199.833, 81.751, 0.796, 23.228]
241.06,[517.959, 1060.938, 470.812, 20.0, 199.488, 172.431, 81.918, 1.092, 33.791]
241.93,[427.817, 1000.0, 443.764, 29.337, 188.943, 199.369, 78.199, 0.664, 26.678]
242.12,[441.627, 822.201, 412.423, 38.261, 174.14, 169.037, 93.018, 0.873, 20.011]
242.13,[441.743, 822.322, 412.319, 38.256, 174.13, 169.018, 93.02, 0.873, 20.0]
243.02,[313.178, 727.37, 476.281, 45.725, 204.986, 200.923, 79.103, 0.514, 38.15]
243.28,[425.776, 997.463, 457.034, 20.359, 191.321, 198.528, 78.407, 0.67, 26.403]
243.72,[425.502, 991.618, 456.385, 28.326, 184.557, 198.845, 82.282, 0.618, 30.0]
244.38,[442.241, 992.496, 474.126, 24.863, 194.952, 196.04, 81.099, 0.874, 20.0]
244.63,[339.503, 649.788, 457.473, 54.166, 158.704, 198.826, 82.837, 0.507, 70.694]
245.19,[443.845, 963.867, 481.38, 26.36, 185.764, 200.0, 83.301, 0.945, 22.877]
245.40,[500.0, 1000.0, 426.699, 20.0, 196.207, 200.0, 89.189, 0.5, 20.0]
246.20,[484.531, 993.557, 496.606, 36.169, 196.076, 194.236, 83.943, 0.599, 20.672]
246.56,[432.433, 988.528, 469.12, 28.091, 184.785, 199.879, 81.143, 0.556, 30.751]
246.64,[395.62, 1013.746, 621.327, 20.0, 182.677, 205.319, 91.37, 0.582, 24.618]
247.30,[431.072, 1052.846, 483.122, 20.0, 200.128, 209.934, 75.955, 0.551, 20.0]
247.44,[467.657, 1097.213, 426.516, 20.0, 204.632, 192.042, 77.069, 0.785, 20.0]
247.45,[437.062, 978.011, 493.32, 26.538, 189.256, 200.001, 82.515, 0.785, 24.366]
247.98,[447.92, 980.284, 489.128, 25.779, 192.7, 199.096, 82.196, 0.787, 23.599]
247.99,[436.955, 979.216, 489.559, 23.277, 181.918, 199.879, 78.76, 0.511, 30.51]
248.16,[428.818, 1001.824, 488.25, 26.354, 185.565, 197.651, 81.02, 0.675, 31.442]
248.25,[439.296, 1000.331, 473.632, 26.047, 194.97, 199.519, 82.487, 0.628, 24.24]
248.25,[377.767, 513.78, 569.655, 31.228, 194.763, 197.484, 87.931, 0.602, 29.721]
248.51,[436.096, 997.52, 478.437, 24.227, 190.976, 199.288, 79.695, 0.708, 20.856]
248.56,[442.898, 993.465, 473.301, 25.078, 196.019, 195.68, 81.259, 0.908, 20.0]
248.58,[434.645, 968.47, 479.619, 26.532, 184.319, 200.0, 83.266, 0.693, 34.464]
248.75,[409.744, 1000.0, 448.528, 31.546, 188.918, 200.0, 79.348, 0.668, 27.198]
248.84,[436.536, 991.871, 491.661, 29.515, 188.951, 199.961, 83.346, 0.776, 29.264]
248.84,[401.438, 1002.483, 434.201, 30.755, 190.02, 200.03, 79.288, 0.729, 26.478]
248.92,[433.167, 990.678, 524.285, 29.223, 182.718, 199.724, 80.845, 0.59, 29.248]
248.98,[449.075, 977.651, 484.261, 26.021, 193.873, 196.812, 80.196, 0.803, 21.578]
249.07,[423.66, 1000.0, 440.08, 29.68, 188.799, 199.985, 77.55, 0.664, 24.752]
249.17,[357.439, 801.648, 515.747, 44.493, 143.081, 200.0, 59.034, 0.5, 46.668]
249.40,[459.503, 967.545, 486.862, 27.091, 190.609, 196.877, 81.986, 0.688, 33.633]
249.82,[424.889, 981.466, 464.272, 33.268, 185.132, 200.0, 86.577, 0.78, 31.86]
249.93,[470.944, 1065.109, 458.709, 45.649, 177.433, 179.204, 98.45, 0.5, 20.0]
249.98,[191.504, 969.593, 505.578, 53.808, 168.887, 195.44, 87.184, 0.5, 28.416]
250.21,[430.295, 993.044, 509.866, 25.531, 190.754, 200.027, 82.876, 0.859, 27.429]
250.68,[425.229, 1000.0, 463.618, 21.267, 181.577, 196.255, 80.271, 0.679, 23.071]

   88.2975	:    0.0008
  249.7875	:  248.0244
  260.8306	:  323.6023
  360.2417	:  365.9225
  408.6806	:  382.0816
  494.7403	:  439.0382
  552.2717	:  478.8444
  676.1477	:  566.6232
  763.4095	:  621.6832
  771.4782	:  729.4220
 1035.3188	: 1019.5964
 1062.7769	: 1090.5725
 1143.6882	: 1138.0529
 1297.3711	: 1208.8622
 1640.6729	: 1332.4757

    0.0000
    0.9929
    1.2407
    1.0158
    0.9349
    0.8874
    0.8670
    0.8380
    0.8144
    0.9455
    0.9848
    1.0262
    0.9951
    0.9318
    0.8122

set f3b1 500.00
set f3b2 1000.00
set f3b2 486.96
set f3a1 20.00
set f3a2 195.77
set f3a3 187.29
set f3a4 87.34
set f3d1 0.50
set f3i1 20.00
