Generation 100
43.97,[320.254, 345.03, 663.306, 96.819, 141.561, 20.129, 116.203, 0.131]
43.99,[320.675, 344.781, 663.705, 97.073, 141.486, 20.034, 116.16, 0.12]
44.00,[321.351, 347.941, 666.001, 97.812, 140.586, 21.13, 115.841, 0.13]
44.01,[321.943, 350.459, 667.795, 98.846, 139.772, 21.866, 115.639, 0.132]
44.01,[320.725, 345.751, 664.15, 97.027, 141.194, 20.394, 116.047, 0.126]
44.01,[320.759, 345.804, 664.219, 97.051, 141.176, 20.407, 116.043, 0.126]
44.02,[320.993, 352.667, 664.775, 97.221, 140.431, 21.071, 115.824, 0.125]
44.02,[320.412, 345.19, 663.408, 96.787, 141.471, 20.105, 116.117, 0.125]
44.02,[320.955, 346.675, 665.058, 97.19, 141.181, 20.734, 115.975, 0.13]
44.02,[320.742, 347.692, 664.811, 97.138, 141.064, 20.867, 115.911, 0.132]
44.03,[321.46, 348.309, 665.594, 97.305, 140.678, 21.126, 115.823, 0.133]
44.04,[321.536, 346.598, 666.056, 97.573, 140.494, 21.129, 115.855, 0.128]
44.04,[321.832, 347.486, 667.435, 98.425, 139.773, 21.824, 115.653, 0.133]
44.05,[323.501, 356.525, 670.848, 99.987, 138.885, 22.858, 115.649, 0.143]
44.05,[321.576, 348.93, 666.067, 97.256, 140.611, 21.269, 115.827, 0.135]
44.05,[323.478, 355.995, 670.783, 99.899, 138.893, 22.846, 115.636, 0.142]
44.06,[321.233, 347.931, 665.387, 97.083, 140.761, 21.065, 115.847, 0.132]
44.06,[323.138, 355.206, 670.176, 99.469, 139.014, 22.745, 115.615, 0.144]
44.06,[323.068, 355.07, 670.06, 99.419, 139.092, 22.644, 115.614, 0.145]
44.07,[321.547, 348.628, 665.987, 97.268, 140.579, 21.222, 115.795, 0.132]
44.07,[321.315, 348.256, 665.541, 97.065, 140.672, 21.161, 115.812, 0.132]
44.07,[323.317, 352.569, 668.716, 98.686, 140.513, 21.438, 115.836, 0.098]
44.07,[322.702, 354.51, 669.601, 99.075, 139.458, 22.391, 115.648, 0.141]
44.07,[323.708, 345.566, 670.211, 99.604, 139.219, 22.069, 115.656, 0.132]
44.07,[323.12, 350.494, 669.061, 98.891, 139.953, 21.721, 115.653, 0.132]
44.07,[322.839, 355.146, 670.522, 99.507, 139.426, 22.743, 115.677, 0.14]
44.07,[323.048, 349.585, 668.707, 98.649, 140.126, 21.7, 115.737, 0.108]
44.07,[324.033, 344.285, 670.587, 99.787, 139.006, 22.272, 115.667, 0.126]
44.07,[321.897, 352.755, 667.57, 98.574, 140.178, 20.932, 115.682, 0.167]
44.08,[321.507, 347.759, 665.886, 97.16, 140.501, 21.301, 115.77, 0.132]
44.08,[323.583, 353.732, 670.345, 99.447, 139.012, 22.474, 115.604, 0.14]
44.08,[322.845, 349.865, 667.945, 98.292, 140.032, 21.474, 115.691, 0.116]
44.08,[321.43, 348.824, 665.621, 97.007, 140.463, 21.301, 115.756, 0.133]
44.08,[323.251, 349.986, 669.062, 98.793, 140.076, 21.777, 115.721, 0.105]
44.09,[321.064, 347.123, 664.805, 96.7, 140.892, 20.939, 115.842, 0.131]
44.09,[322.953, 355.644, 670.337, 99.439, 139.237, 22.614, 115.618, 0.143]
44.09,[323.038, 346.464, 669.217, 98.806, 139.254, 22.232, 115.608, 0.136]
44.10,[321.853, 353.422, 667.754, 97.54, 140.559, 21.604, 115.855, 0.135]
44.10,[322.42, 347.501, 668.145, 98.167, 139.717, 21.949, 115.641, 0.13]
44.10,[320.971, 344.118, 664.215, 97.123, 140.606, 20.412, 115.82, 0.122]
44.11,[322.783, 349.594, 669.003, 98.488, 139.374, 22.346, 115.562, 0.135]
44.12,[325.44, 341.7, 672.737, 101.13, 138.509, 22.526, 115.686, 0.115]
44.12,[321.628, 349.632, 665.961, 96.955, 140.229, 21.533, 115.671, 0.134]
44.12,[324.167, 351.802, 670.567, 99.419, 139.009, 22.119, 115.589, 0.136]
44.12,[322.209, 351.473, 668.475, 98.758, 140.2, 21.135, 115.606, 0.161]
44.12,[321.703, 349.999, 668.261, 97.722, 141.199, 21.982, 115.713, 0.145]
44.13,[321.708, 350.08, 665.951, 96.899, 140.043, 21.632, 115.629, 0.135]
44.13,[322.147, 348.413, 667.992, 97.929, 139.476, 22.195, 115.555, 0.144]
44.13,[321.332, 351.69, 667.786, 97.351, 141.737, 21.759, 115.785, 0.153]
44.13,[321.723, 350.043, 665.962, 96.877, 140.035, 21.624, 115.624, 0.135]
44.13,[321.17, 348.05, 665.224, 96.851, 141.162, 20.726, 115.86, 0.107]
44.14,[321.205, 345.713, 664.976, 97.248, 140.482, 20.724, 115.698, 0.115]
44.14,[322.491, 346.673, 668.14, 98.102, 140.432, 21.355, 115.644, 0.143]
44.14,[323.326, 352.458, 668.465, 98.056, 139.011, 22.218, 115.494, 0.135]
44.14,[321.067, 349.569, 666.108, 96.97, 140.034, 21.782, 115.613, 0.148]
44.14,[323.16, 350.262, 670.005, 98.901, 139.051, 22.663, 115.5, 0.136]
44.14,[321.884, 352.755, 668.098, 98.574, 140.413, 20.932, 115.595, 0.167]
44.15,[323.226, 350.23, 670.084, 98.948, 138.983, 22.709, 115.49, 0.136]
44.15,[321.574, 349.088, 667.158, 97.595, 140.393, 22.428, 115.509, 0.105]
44.15,[320.93, 349.985, 665.846, 96.825, 140.101, 21.711, 115.625, 0.15]
44.15,[321.032, 350.797, 665.949, 97.125, 140.439, 21.025, 115.792, 0.113]
44.15,[322.544, 351.306, 669.705, 98.671, 139.79, 21.572, 115.817, 0.115]
44.15,[324.612, 350.328, 670.737, 99.398, 139.006, 21.848, 115.577, 0.132]
44.15,[321.882, 349.465, 668.22, 97.746, 140.689, 21.796, 115.663, 0.145]
44.15,[322.948, 350.446, 669.573, 98.519, 139.37, 22.426, 115.563, 0.129]
44.15,[321.814, 352.619, 667.983, 98.525, 140.49, 20.832, 115.594, 0.169]
44.16,[323.203, 349.7, 670.02, 98.86, 138.991, 22.696, 115.477, 0.136]
44.16,[324.188, 350.062, 671.69, 99.875, 138.639, 22.966, 115.488, 0.128]
44.16,[321.016, 355.867, 664.774, 96.817, 140.53, 20.451, 115.79, 0.12]
44.16,[322.352, 352.191, 668.529, 97.723, 140.254, 21.793, 115.763, 0.115]
44.16,[321.969, 349.611, 667.759, 97.075, 141.147, 21.227, 115.89, 0.138]
44.17,[321.375, 346.866, 665.525, 97.338, 140.393, 20.949, 115.609, 0.11]
44.17,[323.183, 351.382, 668.556, 97.607, 140.026, 21.881, 115.656, 0.127]
44.17,[322.166, 350.803, 665.396, 97.1, 139.72, 20.717, 115.536, 0.143]
44.17,[321.023, 353.199, 667.136, 97.273, 141.159, 22.225, 115.545, 0.125]
44.17,[321.899, 350.87, 669.1, 97.861, 141.203, 22.309, 115.645, 0.149]
44.17,[321.899, 350.87, 669.1, 97.861, 141.203, 22.309, 115.645, 0.149]
44.17,[320.911, 355.02, 665.119, 96.838, 140.741, 20.514, 115.802, 0.119]
44.17,[322.069, 349.565, 667.899, 97.107, 141.078, 21.256, 115.876, 0.138]
44.17,[323.178, 352.368, 668.361, 97.413, 140.149, 21.76, 115.684, 0.129]
44.17,[322.098, 352.937, 668.083, 97.382, 140.633, 21.522, 115.848, 0.109]
44.17,[321.121, 349.496, 667.493, 96.884, 142.765, 22.392, 115.903, 0.08]
44.18,[321.595, 355.867, 665.702, 96.817, 140.845, 20.451, 115.85, 0.12]
44.18,[321.988, 351.214, 666.443, 96.829, 139.72, 21.96, 115.509, 0.137]
44.18,[323.083, 343.491, 669.942, 99.097, 139.062, 22.821, 115.433, 0.115]
44.18,[321.635, 350.952, 666.519, 96.88, 139.721, 22.043, 115.503, 0.144]
44.18,[322.375, 349.02, 668.019, 98.505, 139.129, 20.963, 115.525, 0.144]
44.18,[321.505, 350.855, 666.546, 96.898, 139.722, 22.073, 115.501, 0.147]
44.19,[323.539, 350.791, 670.827, 99.188, 138.706, 22.998, 115.421, 0.137]
44.19,[321.345, 346.564, 665.446, 97.35, 140.361, 20.902, 115.578, 0.107]
44.19,[321.234, 348.527, 667.285, 97.182, 140.633, 21.066, 115.859, 0.13]
44.19,[324.529, 352.782, 671.855, 100.124, 139.779, 22.242, 115.571, 0.103]
44.19,[323.204, 348.279, 670.053, 98.717, 139.017, 22.719, 115.454, 0.132]
44.19,[323.197, 348.295, 669.983, 98.689, 139.035, 22.671, 115.453, 0.132]
44.19,[321.411, 352.366, 666.633, 97.523, 139.447, 21.716, 115.396, 0.15]
44.19,[320.899, 351.366, 667.305, 97.304, 141.394, 21.101, 115.818, 0.12]
44.19,[320.787, 351.588, 667.204, 97.278, 141.368, 21.066, 115.822, 0.121]
44.19,[323.085, 343.486, 669.932, 99.061, 138.977, 22.629, 115.432, 0.124]
44.19,[321.151, 350.592, 666.622, 96.948, 139.724, 22.155, 115.496, 0.154]
44.19,[323.221, 343.075, 670.204, 99.242, 138.995, 22.892, 115.421, 0.113]
44.19,[320.832, 351.398, 667.226, 97.257, 141.463, 21.055, 115.827, 0.119]
44.19,[323.052, 354.981, 671.153, 99.59, 139.251, 22.625, 115.475, 0.137]
44.19,[321.205, 351.369, 668.96, 97.407, 140.957, 22.0, 115.858, 0.136]
44.20,[323.303, 350.197, 668.519, 97.912, 139.374, 21.755, 115.478, 0.139]
44.20,[323.08, 348.478, 669.195, 97.877, 139.763, 22.721, 115.459, 0.133]
44.20,[323.225, 342.089, 670.4, 99.436, 138.873, 23.012, 115.393, 0.111]
44.20,[322.065, 349.217, 667.767, 97.24, 140.042, 21.731, 115.643, 0.129]
44.21,[323.208, 346.192, 669.196, 98.17, 139.169, 22.552, 115.451, 0.122]
44.21,[321.897, 349.907, 667.57, 97.119, 140.178, 21.612, 115.682, 0.128]
44.21,[322.76, 355.31, 670.009, 98.868, 139.378, 21.949, 115.532, 0.136]
44.21,[321.963, 351.083, 664.634, 96.743, 139.627, 20.491, 115.49, 0.151]
44.21,[322.117, 352.066, 670.599, 98.132, 141.533, 22.758, 115.739, 0.168]
44.21,[321.902, 353.545, 667.51, 97.146, 140.53, 21.064, 115.802, 0.122]
44.21,[323.205, 346.99, 668.938, 97.896, 139.214, 22.465, 115.458, 0.125]
44.21,[321.622, 348.528, 666.344, 97.447, 140.265, 21.277, 115.496, 0.105]
44.21,[321.928, 353.348, 667.664, 97.174, 140.503, 21.116, 115.798, 0.122]
44.21,[322.426, 348.305, 668.695, 97.657, 141.755, 21.573, 115.762, 0.098]
44.21,[320.525, 351.877, 666.4, 96.914, 141.523, 20.749, 115.844, 0.118]
44.21,[321.609, 348.461, 666.286, 97.463, 140.269, 21.26, 115.487, 0.104]
44.21,[321.609, 348.462, 666.286, 97.462, 140.269, 21.261, 115.487, 0.104]
44.22,[321.143, 350.732, 666.331, 97.209, 140.336, 20.823, 115.637, 0.132]
44.22,[324.763, 352.973, 671.712, 99.868, 139.708, 22.348, 115.603, 0.085]
44.22,[322.36, 337.447, 667.574, 97.641, 141.164, 21.337, 115.797, 0.106]
44.22,[322.537, 348.082, 668.796, 97.682, 141.781, 21.607, 115.758, 0.096]
44.22,[324.273, 352.292, 671.112, 99.416, 139.722, 22.442, 115.536, 0.091]
44.22,[321.173, 349.948, 667.741, 96.979, 141.027, 20.611, 116.092, 0.121]
44.22,[322.115, 340.111, 668.194, 97.515, 141.075, 21.947, 115.716, 0.111]
44.22,[324.841, 353.909, 672.339, 100.155, 139.255, 22.091, 115.546, 0.123]
44.22,[323.378, 352.691, 668.878, 97.508, 139.057, 22.156, 115.535, 0.149]
44.22,[320.503, 345.662, 665.043, 97.582, 140.356, 22.034, 115.255, 0.084]
44.23,[321.935, 341.291, 667.394, 97.404, 140.886, 21.724, 115.642, 0.105]
44.23,[321.594, 350.51, 667.512, 97.43, 141.651, 20.734, 115.769, 0.112]
44.23,[322.948, 346.428, 669.725, 98.571, 139.109, 22.475, 115.406, 0.127]
44.23,[320.421, 351.029, 666.745, 96.934, 141.734, 20.813, 115.855, 0.117]
44.23,[323.189, 344.602, 669.086, 98.051, 139.131, 22.524, 115.389, 0.14]
44.23,[323.591, 341.384, 670.679, 99.613, 138.457, 23.115, 115.349, 0.105]
44.24,[321.652, 351.277, 668.06, 97.35, 141.941, 20.69, 115.874, 0.12]
44.24,[322.771, 348.888, 667.855, 97.977, 139.643, 21.517, 115.408, 0.106]
44.24,[322.817, 348.727, 666.833, 97.678, 139.526, 20.637, 115.413, 0.146]
44.24,[323.357, 343.911, 669.283, 98.172, 138.995, 22.643, 115.35, 0.141]
44.24,[321.392, 347.85, 665.609, 97.71, 140.646, 20.883, 115.406, 0.088]
44.24,[322.77, 348.801, 668.406, 98.031, 139.48, 21.76, 115.404, 0.117]
44.24,[321.984, 350.226, 667.963, 97.082, 140.079, 21.709, 115.653, 0.127]
44.24,[325.073, 354.281, 672.785, 100.358, 139.162, 22.152, 115.528, 0.123]
44.24,[320.135, 350.467, 667.072, 96.031, 144.336, 20.0, 116.431, 0.145]
44.24,[322.056, 349.602, 669.71, 98.028, 141.19, 21.829, 115.61, 0.157]
44.25,[322.62, 348.941, 668.287, 97.94, 139.547, 21.823, 115.396, 0.116]
44.25,[324.284, 349.357, 671.222, 98.7, 139.586, 22.087, 115.631, 0.121]
44.25,[321.595, 337.23, 665.702, 97.204, 140.845, 20.213, 115.85, 0.141]
44.25,[322.774, 349.047, 666.852, 97.879, 139.939, 21.077, 115.415, 0.087]
44.25,[323.23, 346.107, 670.443, 98.658, 139.51, 22.18, 115.509, 0.128]
44.25,[324.75, 352.084, 672.28, 99.883, 139.095, 21.912, 115.537, 0.127]
44.25,[324.743, 352.035, 672.268, 99.872, 139.094, 21.907, 115.537, 0.127]
44.25,[322.803, 344.274, 667.999, 96.799, 140.294, 22.135, 115.623, 0.12]
44.26,[324.025, 353.162, 669.879, 97.765, 139.59, 22.314, 115.536, 0.126]
44.26,[324.187, 353.348, 670.487, 97.879, 139.558, 22.64, 115.561, 0.133]
44.26,[324.777, 352.088, 672.337, 99.896, 139.076, 21.919, 115.533, 0.127]
44.26,[323.357, 350.075, 668.026, 96.815, 139.324, 22.087, 115.505, 0.137]
44.26,[323.192, 350.106, 667.93, 96.823, 139.388, 22.125, 115.488, 0.134]
44.26,[321.333, 347.083, 665.061, 97.791, 140.356, 20.926, 115.301, 0.081]
44.26,[323.019, 340.903, 670.278, 99.168, 138.54, 22.967, 115.318, 0.132]
44.26,[324.185, 354.92, 672.423, 99.287, 139.543, 22.689, 115.618, 0.156]
44.26,[321.209, 351.558, 669.085, 97.555, 141.568, 21.897, 115.652, 0.138]
44.26,[322.014, 349.816, 668.647, 97.28, 140.275, 21.603, 115.72, 0.123]
44.26,[322.906, 344.892, 667.971, 96.693, 140.178, 22.163, 115.609, 0.121]
44.26,[322.688, 348.109, 668.106, 97.885, 139.257, 21.72, 115.368, 0.117]
44.26,[321.826, 350.447, 663.713, 96.311, 139.658, 20.139, 115.461, 0.152]
44.26,[322.974, 367.933, 670.184, 99.611, 139.077, 22.438, 115.48, 0.147]
44.27,[322.767, 348.642, 669.409, 98.128, 139.185, 22.2, 115.397, 0.137]
44.27,[321.242, 355.879, 664.338, 96.819, 140.8, 20.888, 115.43, 0.085]
44.27,[321.035, 349.91, 666.926, 96.972, 140.257, 21.814, 115.412, 0.153]
44.27,[321.373, 346.374, 667.156, 97.09, 140.52, 22.235, 115.438, 0.105]
44.27,[323.287, 352.028, 668.351, 97.776, 138.918, 21.629, 115.375, 0.127]
44.27,[322.234, 351.026, 669.472, 97.504, 140.187, 21.73, 115.751, 0.124]
44.27,[324.318, 347.317, 671.439, 99.34, 138.996, 21.624, 115.537, 0.127]
44.27,[323.27, 346.815, 670.579, 98.539, 139.631, 22.006, 115.529, 0.132]
44.27,[321.384, 346.371, 663.541, 97.498, 140.534, 20.039, 115.286, 0.091]
44.27,[321.121, 353.144, 667.493, 96.422, 142.765, 21.077, 115.903, 0.123]
44.28,[324.421, 349.838, 671.763, 99.396, 139.027, 21.666, 115.546, 0.131]
44.28,[323.175, 350.756, 668.347, 97.007, 139.312, 21.971, 115.486, 0.141]
44.28,[321.004, 351.468, 668.12, 97.775, 141.806, 20.053, 115.898, 0.117]
44.28,[320.595, 350.778, 664.848, 97.118, 139.401, 22.657, 114.949, 0.104]
44.28,[321.275, 349.07, 663.985, 98.181, 140.513, 20.087, 115.177, 0.077]
44.28,[324.891, 339.892, 668.704, 98.513, 139.141, 20.263, 115.644, 0.122]
44.29,[323.191, 350.702, 669.443, 97.765, 139.219, 21.873, 115.499, 0.132]
44.29,[323.125, 352.554, 670.023, 97.776, 139.452, 22.191, 115.536, 0.144]
44.29,[321.834, 355.009, 668.452, 97.01, 140.54, 21.579, 115.687, 0.135]
44.29,[321.515, 353.689, 667.898, 96.739, 140.227, 21.601, 115.663, 0.138]
44.29,[321.078, 350.924, 665.678, 97.079, 139.545, 22.632, 115.01, 0.106]
44.30,[321.696, 349.915, 667.642, 96.721, 140.084, 21.53, 115.609, 0.137]
44.30,[321.303, 345.443, 664.58, 97.013, 140.222, 20.937, 115.384, 0.086]
44.30,[321.509, 348.96, 667.246, 96.708, 139.802, 22.003, 115.442, 0.137]
44.30,[321.207, 357.186, 669.236, 96.996, 140.508, 23.175, 115.678, 0.113]
44.30,[322.881, 342.552, 669.3, 98.046, 138.995, 22.783, 115.282, 0.135]
44.30,[325.705, 343.271, 672.768, 98.399, 139.539, 21.635, 116.045, 0.133]
44.30,[321.051, 350.415, 667.03, 96.981, 140.245, 22.494, 115.317, 0.101]
44.31,[321.618, 352.353, 668.312, 97.022, 140.599, 21.582, 115.691, 0.107]
44.31,[321.401, 349.516, 668.427, 97.197, 140.589, 20.813, 115.866, 0.116]
44.31,[320.699, 350.712, 666.317, 96.98, 140.356, 22.719, 115.22, 0.089]
44.31,[320.434, 350.612, 666.63, 96.363, 142.816, 20.041, 115.98, 0.133]

   65.7483	:   65.6859
  203.5659	:  185.5007
  203.6199	:  185.5009
  317.3378	:  325.7735
  357.8699	:  356.0824
  357.8800	:  356.0824
  529.6917	:  526.8348
  529.7019	:  526.8349
  593.0206	:  547.1521
  593.0237	:  547.1522
  668.4897	:  553.6320
  786.6780	:  668.4869
 1044.8002	: 1051.2621
 1252.9317	: 1265.0066
 1253.0379	: 1265.0068
 1304.9380	: 1338.0718
 1305.0791	: 1338.0718
 1331.3991	: 1344.3994

    0.9991
    0.9113
    0.9110
    1.0266
    0.9950
    0.9950
    0.9946
    0.9946
    0.9227
    0.9226
    0.8282
    0.8498
    1.0062
    1.0096
    1.0096
    1.0254
    1.0253
    1.0098

set otfb1 320.25
set otfb2 345.03
set otfb3 663.31
set otfa1 96.82
set otfa2 141.56
set otfa3 20.13
set otfa4 116.20
set otfd1 0.13
