Generation 1
260.51,[243.875, 795.047, 111.421, 83.022, 25.525, 6.2]
270.51,[407.992, 862.809, 150.436, 174.295, -25.705, 4.31]
275.55,[332.025, 918.677, 105.993, 41.716, -19.906, 4.242]
275.71,[851.714, 981.305, 17.597, 48.153, -15.437, 5.511]
294.08,[0.0, 899.419, 53.939, 53.291, -12.424, 5.488]
298.10,[433.539, 1204.585, 124.926, 32.029, 33.71, 5.15]
305.35,[1021.234, 224.42, 60.67, 46.137, -14.84, 7.12]
305.35,[1021.234, 224.42, 60.67, 46.137, -14.84, 7.12]
308.17,[1039.511, 501.051, 89.852, 185.427, -25.66, 5.541]
340.95,[507.697, 861.377, 122.042, 92.232, -23.235, 7.444]
342.34,[585.892, 508.066, 67.091, 88.17, -14.135, 4.727]
353.80,[178.777, 1182.956, 167.375, 100.972, -24.409, 3.1]
355.27,[538.018, 1398.932, 118.733, 188.691, -13.185, 5.146]
360.89,[1400.742, 203.221, 24.792, 45.188, -8.762, 3.469]
376.87,[44.644, 536.994, 85.503, 163.633, 34.146, 6.611]
428.43,[34.402, 757.959, 92.601, 46.939, -16.224, 5.503]
442.20,[0.0, 447.358, 84.76, 169.894, 38.362, 6.668]
447.51,[462.265, 1448.012, 177.049, 55.628, -26.257, 1.794]
471.06,[734.465, 744.994, 25.67, 82.211, -26.637, 3.204]
480.92,[492.78, 1072.887, 12.849, 84.683, -14.925, 3.538]

  182.3464	:  198.3856
  558.7148	:  345.7657
  599.8796	:  516.7136
  609.3926	:  654.5296
  732.2018	:  801.2795
  963.9394	: 1260.9448
 1349.2366	: 1274.4555
 2357.8599	: 2645.4754
 2401.4523	: 2737.7887

    1.0880
    0.6189
    0.8614
    1.0741
    1.0943
    1.3081
    0.9446
    1.1220
    1.1401

set dcab1 243.88
set dcab2 795.05
set dcaa1 111.42
set dcaa2 83.02
set dcad1 25.52
set dcad2 6.20
