Generation 3806
37.07,[265.2, 178.0, 511.43, 84.3, 107.52, 149.86, 30.69, -4.85]
43.79,[242.29, 219.18, 508.38, 69.42, 91.53, 130.97, 35.96, -2.2]
44.58,[244.76, 212.04, 501.96, 68.66, 80.73, 142.39, 18.55, -1.72]
44.75,[243.18, 178.68, 494.24, 68.41, 90.67, 137.67, 37.12, -1.97]
45.32,[241.22, 136.56, 532.97, 80.03, 93.2, 154.85, 31.93, -1.76]
45.62,[247.63, 208.09, 501.77, 68.35, 79.97, 142.94, 18.64, -1.7]
45.71,[241.04, 132.87, 533.75, 80.77, 93.96, 155.57, 31.4, -1.78]
46.01,[241.76, 147.43, 530.68, 77.83, 90.97, 152.72, 33.52, -1.68]
46.68,[241.38, 296.82, 516.87, 82.96, 72.83, 102.36, 14.99, 0.18]
47.24,[236.41, 278.57, 517.19, 80.66, 72.19, 105.94, 16.83, -0.07]
47.67,[226.17, 123.59, 497.59, 88.63, 99.24, 159.56, 29.49, -2.79]
48.12,[247.78, 232.71, 533.46, 82.53, 70.8, 105.97, 14.58, -0.25]
48.32,[234.86, 137.25, 523.32, 86.99, 98.96, 162.9, 28.21, -2.31]
48.68,[239.59, 198.79, 503.6, 100.17, 103.75, 162.48, 23.39, -4.15]
48.71,[243.64, 302.08, 538.14, 80.52, 76.77, 110.03, 20.01, 0.49]
48.87,[247.64, 207.46, 506.01, 64.57, 79.19, 110.15, 39.12, -0.58]
48.91,[222.41, 122.97, 495.59, 88.51, 102.87, 162.11, 27.29, -2.94]
48.94,[253.42, 144.22, 499.16, 81.32, 102.77, 160.65, 22.35, -2.02]
49.03,[263.63, 133.37, 492.1, 79.56, 99.66, 162.46, 23.48, -2.55]
49.13,[220.76, 189.4, 520.35, 70.02, 77.03, 117.12, 30.87, 0.03]
49.14,[245.07, 298.81, 536.18, 79.82, 77.19, 110.72, 20.13, 0.58]
49.70,[237.3, 113.63, 537.7, 73.86, 97.23, 163.57, 33.62, -1.85]
49.72,[250.6, 193.14, 511.33, 103.87, 103.87, 162.31, 21.4, -3.12]
50.23,[245.54, 294.4, 526.68, 88.78, 77.31, 99.33, 7.28, 0.77]
50.25,[239.34, 200.49, 515.19, 82.05, 75.54, 114.96, 42.22, -1.92]
50.26,[254.81, 125.75, 518.76, 86.3, 97.18, 161.0, 28.22, -2.19]
50.37,[256.98, 126.35, 518.7, 86.87, 96.88, 159.85, 26.94, -2.22]
50.44,[234.0, 237.77, 534.98, 56.27, 76.44, 122.08, 31.19, -1.07]
50.73,[250.22, 100.94, 503.09, 90.58, 93.22, 171.56, 33.01, -2.95]
51.04,[242.19, 232.0, 536.9, 54.73, 80.83, 123.23, 51.77, -0.93]
51.06,[226.15, 230.78, 510.12, 55.82, 76.76, 130.23, 51.75, -0.97]
51.31,[266.26, 233.3, 486.23, 70.68, 79.74, 120.23, 18.39, -1.88]
51.40,[255.64, 338.96, 520.17, 81.56, 78.97, 91.09, 17.86, 0.41]
51.44,[234.4, 150.08, 483.41, 63.89, 85.65, 125.68, 42.75, -1.08]
51.47,[257.75, 170.96, 531.03, 90.9, 72.58, 111.51, 27.92, -2.11]
51.48,[223.67, 185.82, 538.84, 54.95, 76.53, 151.35, 26.61, -1.22]
51.53,[256.12, 119.59, 517.72, 84.59, 96.2, 158.71, 28.73, -2.0]
51.62,[249.82, 300.62, 555.74, 90.06, 75.07, 92.58, 17.25, -0.4]
51.70,[229.33, 142.85, 490.23, 98.31, 103.22, 142.09, 35.39, -1.79]
51.70,[239.56, 191.98, 496.92, 103.76, 86.86, 125.48, 25.33, -1.49]
51.78,[253.57, 197.31, 520.54, 103.9, 83.0, 128.78, 23.96, -1.57]
51.84,[266.46, 133.68, 513.65, 88.48, 85.93, 141.71, 31.09, -1.27]
51.84,[250.22, 342.31, 539.02, 87.49, 78.62, 97.57, 8.72, 0.54]
51.92,[252.19, 339.25, 514.24, 78.83, 78.62, 88.35, 22.26, 0.18]
51.93,[249.75, 202.89, 521.85, 103.1, 86.37, 125.96, 26.36, -1.75]
51.98,[258.15, 143.2, 522.96, 56.71, 80.48, 142.34, 18.63, -0.78]
52.01,[240.84, 172.14, 485.45, 69.1, 84.32, 135.49, 33.94, -1.34]
52.02,[240.83, 177.34, 488.1, 69.43, 85.31, 136.2, 36.23, -1.53]
52.08,[259.8, 167.1, 495.82, 88.54, 88.6, 121.71, 40.58, -1.42]
52.13,[255.41, 184.78, 491.71, 63.87, 109.36, 107.26, 50.07, -1.51]
52.17,[208.11, 119.59, 515.99, 84.59, 97.53, 158.71, 32.65, -2.0]
52.23,[245.87, 156.79, 521.39, 84.99, 92.73, 127.0, 41.79, -1.7]
52.32,[239.83, 142.22, 505.53, 65.93, 98.27, 118.07, 46.79, -0.92]
52.39,[263.14, 280.0, 515.75, 70.86, 77.97, 118.01, 22.34, 0.18]
52.49,[256.06, 226.36, 529.45, 76.2, 77.15, 119.05, 2.32, 0.69]
52.57,[256.47, 229.63, 455.29, 81.11, 88.23, 114.44, 8.68, 0.02]
52.69,[254.15, 132.52, 517.23, 95.7, 105.31, 139.24, 51.38, -2.76]
53.06,[262.08, 337.45, 530.79, 87.06, 80.06, 96.06, 9.84, 0.89]
53.08,[262.22, 338.4, 531.47, 86.78, 79.64, 96.33, 9.46, 0.84]
53.18,[242.5, 245.54, 535.09, 56.25, 77.05, 129.94, 55.38, -0.94]
53.19,[254.94, 202.46, 538.91, 103.55, 84.8, 134.27, 32.37, -2.28]
53.24,[259.11, 161.24, 538.04, 58.98, 99.04, 113.54, 47.86, -0.95]
53.27,[274.64, 126.53, 491.85, 105.92, 107.13, 178.22, 21.39, -4.65]
53.38,[260.38, 338.04, 531.72, 85.27, 78.4, 96.86, 8.79, 0.82]
53.40,[254.78, 204.72, 540.07, 103.26, 84.55, 133.84, 32.34, -2.29]
53.40,[200.34, 188.15, 482.21, 87.6, 84.44, 161.66, 22.97, -1.02]
53.42,[245.39, 269.01, 512.38, 53.7, 68.67, 111.98, 41.89, -0.61]
53.42,[244.62, 150.51, 518.98, 82.44, 93.82, 126.0, 43.09, -1.62]
53.43,[253.39, 210.72, 461.94, 75.13, 76.42, 120.57, 29.46, 0.12]
53.52,[265.39, 338.9, 531.12, 87.73, 79.53, 96.47, 9.24, 0.85]
53.53,[241.87, 207.71, 514.55, 89.42, 90.56, 125.74, 44.11, -2.87]
53.60,[229.5, 169.01, 493.83, 91.39, 101.06, 131.25, 39.8, -1.0]
53.69,[222.96, 81.1, 484.97, 119.79, 111.55, 175.39, 24.17, -4.6]
53.76,[239.08, 219.69, 520.95, 77.48, 92.78, 119.56, 20.14, 0.13]
53.76,[239.08, 219.69, 520.95, 77.48, 92.78, 119.56, 20.14, 0.13]
53.78,[228.89, 72.12, 480.49, 117.05, 109.06, 171.41, 23.46, -3.96]
53.91,[255.88, 279.09, 517.93, 44.66, 69.89, 112.69, 48.25, -0.58]
54.02,[235.41, 182.25, 488.06, 63.6, 84.89, 131.98, 37.89, -0.91]
54.04,[266.9, 343.01, 527.35, 86.73, 76.9, 98.83, 7.84, 0.73]
54.04,[266.9, 343.01, 527.35, 86.73, 76.9, 98.83, 7.84, 0.73]
54.12,[257.32, 216.55, 516.6, 110.81, 79.73, 120.78, 21.74, -1.51]
54.13,[227.21, 195.92, 494.06, 73.33, 79.16, 125.1, 38.42, -0.69]
54.13,[246.89, 163.63, 549.01, 78.27, 78.69, 148.04, 44.61, -0.49]
54.34,[254.74, 150.42, 530.46, 81.36, 92.74, 177.75, 31.04, -2.47]
54.35,[229.46, 255.76, 508.39, 54.01, 69.55, 132.16, 53.03, -0.76]
54.37,[222.21, 188.58, 529.02, 69.02, 77.63, 167.07, 30.66, -1.08]
54.40,[235.21, 178.92, 488.01, 62.66, 84.57, 133.25, 39.44, -0.92]
54.74,[276.17, 175.0, 521.54, 75.23, 79.49, 88.28, 39.65, -0.3]
54.83,[240.07, 228.14, 498.13, 79.54, 88.62, 115.84, 16.28, -0.68]
54.91,[221.12, 128.44, 487.41, 105.78, 101.33, 142.26, 22.32, -1.4]
54.91,[247.74, 203.57, 509.01, 65.17, 82.78, 128.17, 47.21, -0.94]
54.96,[267.97, 172.95, 501.54, 68.6, 115.47, 172.84, 33.36, -2.81]
54.99,[240.13, 185.46, 560.83, 98.75, 80.74, 141.32, 33.85, -2.7]
55.04,[267.42, 172.76, 501.13, 68.54, 115.74, 173.51, 33.28, -2.83]
55.04,[283.05, 159.1, 522.39, 66.16, 98.2, 131.95, 17.03, -0.46]
55.40,[266.41, 240.27, 540.28, 68.91, 80.13, 120.61, 58.78, -0.96]
55.61,[192.95, 114.79, 519.44, 98.96, 86.5, 168.84, 21.6, -2.08]
55.80,[289.73, 181.98, 532.75, 73.94, 80.99, 87.4, 35.94, -1.03]
56.00,[287.63, 178.8, 531.36, 74.01, 81.4, 88.02, 35.58, -0.87]
56.06,[192.15, 158.74, 537.09, 102.92, 89.56, 168.28, 30.69, -1.46]
56.29,[240.69, 203.65, 492.1, 102.33, 89.1, 111.46, 15.87, -0.82]
56.52,[253.88, 215.63, 519.28, 66.4, 81.91, 125.69, 51.01, -0.94]
56.67,[244.31, 381.31, 522.41, 76.08, 75.43, 113.03, 25.31, 0.29]
56.89,[245.92, 231.56, 512.9, 60.82, 73.66, 136.23, 45.79, -1.06]
57.13,[227.19, 128.75, 486.59, 64.47, 106.22, 117.6, 60.23, -1.56]
57.25,[235.52, 211.46, 501.13, 81.1, 95.02, 114.2, 19.47, -1.99]
57.28,[235.55, 104.85, 501.46, 63.89, 101.76, 118.73, 52.51, -1.04]
57.30,[222.19, 240.9, 529.76, 98.35, 102.73, 167.86, 19.51, -1.73]
57.31,[281.3, 115.38, 529.54, 66.98, 90.08, 167.15, 30.59, -2.19]
57.34,[259.45, 182.87, 495.84, 75.19, 104.62, 110.84, 48.87, -0.88]
57.35,[245.6, 339.81, 502.93, 73.61, 77.94, 83.11, 30.66, -0.25]
57.40,[260.2, 202.93, 495.64, 48.79, 75.92, 146.19, 39.49, -0.7]
57.53,[261.11, 163.32, 490.52, 68.96, 97.65, 113.5, 52.28, -0.63]
57.60,[210.57, 145.34, 562.52, 69.11, 88.37, 147.41, 39.91, -0.94]
57.69,[254.11, 224.26, 453.29, 55.21, 116.61, 130.27, 26.96, -0.66]
57.75,[238.77, 209.08, 463.19, 71.09, 89.09, 160.65, 10.19, 0.37]
57.81,[242.52, 235.78, 448.99, 59.86, 116.4, 129.48, 27.75, -0.7]
57.83,[244.54, 227.21, 475.37, 76.17, 83.56, 143.04, 18.02, 0.89]
57.90,[250.36, 129.64, 536.0, 65.76, 63.68, 156.32, 23.68, -1.56]
57.91,[246.46, 242.43, 510.6, 58.62, 71.43, 134.1, 47.38, -0.98]
57.91,[230.67, 192.8, 534.89, 30.76, 100.92, 160.73, 35.0, -0.98]
57.92,[239.18, 143.2, 473.38, 56.71, 96.38, 142.34, 12.46, -0.78]
58.00,[275.64, 253.56, 533.15, 78.31, 70.08, 109.21, 23.13, 0.73]
58.05,[232.05, 172.35, 465.18, 73.22, 65.31, 130.73, 32.94, 0.1]
58.16,[259.08, 127.17, 496.43, 60.19, 82.95, 138.6, 43.28, -0.26]
58.30,[243.64, 243.77, 552.68, 81.49, 53.48, 105.74, 41.24, -0.11]
58.34,[246.64, 246.12, 509.82, 57.88, 70.67, 133.37, 47.91, -0.95]
58.43,[261.15, 113.65, 493.09, 114.69, 94.77, 151.35, 33.33, -1.95]
58.57,[187.32, 171.15, 515.7, 88.37, 80.94, 156.73, 6.29, 0.08]
58.64,[276.84, 164.14, 540.98, 98.64, 90.62, 108.76, 44.83, -3.01]
58.66,[242.58, 165.67, 503.12, 80.73, 77.75, 157.62, 40.69, -0.08]
58.70,[261.31, 111.39, 491.93, 114.97, 95.03, 151.79, 33.35, -1.94]
58.75,[205.59, 123.21, 519.72, 47.88, 73.95, 158.23, 65.15, -1.33]
58.84,[238.83, 239.94, 488.82, 79.77, 90.44, 109.95, 11.09, -0.72]
58.86,[244.31, 345.71, 505.48, 62.72, 90.27, 115.8, 52.2, -2.08]
58.87,[271.14, 176.16, 491.8, 100.45, 68.59, 99.61, 42.19, 0.17]
58.96,[209.91, 227.64, 550.4, 68.71, 77.65, 129.86, 39.92, 0.36]
58.98,[238.92, 209.32, 462.63, 69.65, 89.01, 163.35, 10.21, 0.4]
58.99,[262.01, 349.98, 517.57, 80.12, 92.04, 89.93, 31.59, -2.19]
59.05,[271.29, 219.78, 534.19, 80.49, 96.48, 126.33, 47.46, -1.0]
59.06,[239.52, 199.79, 473.38, 76.9, 89.23, 157.99, 13.38, -0.16]
59.17,[227.24, 189.08, 453.84, 71.65, 75.77, 155.31, 36.04, 0.06]
59.30,[241.93, 334.15, 505.21, 54.57, 88.72, 107.41, 61.6, -1.41]
59.30,[263.4, 162.89, 497.18, 67.1, 107.33, 112.87, 56.09, -0.97]
59.41,[281.16, 235.5, 488.71, 88.56, 112.99, 127.84, 18.26, -2.01]
59.45,[222.89, 185.77, 547.97, 109.85, 80.99, 175.63, 27.91, -1.03]
59.46,[275.0, 184.17, 513.49, 98.3, 66.34, 99.57, 40.55, 0.27]
59.52,[202.67, 131.4, 520.45, 52.09, 73.14, 158.35, 28.3, -1.35]
59.54,[240.75, 178.24, 536.44, 80.01, 53.47, 116.84, 45.13, -0.78]
59.54,[185.48, 174.96, 511.79, 88.46, 82.1, 156.99, 7.13, -0.09]
59.57,[218.95, 193.11, 517.49, 76.74, 55.03, 121.78, 43.93, -0.88]
59.58,[257.72, 128.78, 514.33, 89.57, 68.88, 138.24, 47.91, -1.54]
59.71,[230.05, 144.93, 483.34, 45.07, 79.73, 170.84, 31.65, -1.12]
59.73,[218.93, 193.39, 517.57, 76.65, 54.91, 121.67, 43.97, -0.87]
59.76,[192.67, 189.32, 474.12, 70.32, 69.49, 150.45, 31.04, -0.27]
59.78,[247.98, 238.0, 482.63, 79.19, 80.27, 132.56, 22.68, 1.19]
59.82,[227.95, 146.4, 482.4, 45.75, 79.7, 170.7, 31.39, -1.1]
59.92,[234.16, 281.17, 511.23, 82.08, 70.72, 104.45, 17.35, -0.07]
59.94,[205.61, 63.36, 485.96, 100.93, 99.05, 156.76, 25.24, -2.04]
60.05,[265.56, 81.72, 516.15, 61.97, 103.28, 157.34, 38.62, -1.42]
60.11,[236.92, 179.3, 498.09, 31.18, 97.79, 154.31, 31.9, -0.55]
60.11,[211.9, 182.41, 478.34, 73.48, 74.67, 159.24, 26.24, 0.36]
60.12,[260.11, 141.05, 469.96, 34.23, 102.15, 152.73, 36.3, -1.59]
60.18,[300.66, 173.96, 532.88, 67.62, 90.62, 91.48, 48.93, -3.05]
60.22,[189.74, 187.67, 472.14, 69.8, 70.35, 152.22, 30.88, -0.29]
60.45,[260.51, 134.47, 495.72, 99.41, 103.87, 150.55, 32.01, -0.96]
60.56,[245.38, 262.99, 508.77, 54.32, 67.27, 129.99, 50.47, -0.81]
60.68,[244.28, 235.68, 476.35, 71.47, 115.65, 137.49, 29.56, -1.37]
60.90,[244.57, 235.54, 475.85, 71.7, 115.01, 136.95, 29.06, -1.34]
60.92,[259.3, 130.66, 477.38, 120.03, 101.36, 148.45, 34.58, -1.82]
60.98,[230.82, 164.91, 526.02, 19.62, 103.06, 149.19, 35.18, -0.99]
60.99,[255.82, 224.93, 516.84, 81.47, 50.89, 112.38, 34.66, 0.12]
60.99,[311.62, 245.42, 553.39, 82.32, 73.84, 85.62, 38.26, -1.34]
61.02,[232.95, 175.47, 499.16, 29.07, 98.21, 156.89, 34.09, -0.65]
61.08,[231.79, 121.23, 487.25, 46.48, 79.02, 155.29, 66.25, -1.12]
61.15,[252.35, 196.73, 489.78, 118.94, 82.83, 131.75, 26.11, -3.06]
61.20,[287.63, 300.62, 531.36, 90.06, 81.4, 92.58, 35.58, -0.4]
61.28,[229.94, 318.35, 535.64, 63.05, 93.43, 124.11, 27.56, -0.01]
61.35,[268.31, 218.53, 518.45, 83.57, 110.87, 86.57, 34.97, 1.0]
61.36,[228.15, 316.09, 536.15, 62.33, 93.48, 123.92, 27.94, 0.08]
61.38,[209.07, 191.45, 502.23, 74.34, 60.13, 131.99, 39.55, -0.67]
61.38,[258.74, 226.58, 518.82, 81.98, 50.03, 110.61, 34.83, 0.14]
61.43,[236.08, 305.76, 504.55, 34.54, 84.9, 86.81, 84.67, 0.24]
61.44,[238.2, 191.5, 526.45, 24.71, 136.77, 151.9, 58.72, -2.67]
61.44,[238.2, 191.5, 526.45, 24.71, 136.77, 151.9, 58.72, -2.67]
61.60,[291.96, 274.93, 494.12, 82.48, 110.67, 121.51, 20.07, 0.26]
61.66,[261.48, 129.4, 516.33, 89.68, 65.25, 135.69, 50.11, -1.39]
61.79,[214.31, 197.23, 520.43, 76.47, 53.09, 120.88, 43.77, -0.92]
61.80,[185.03, 189.95, 477.55, 68.77, 70.88, 151.39, 30.63, -0.7]
61.85,[214.62, 257.67, 497.81, 84.21, 75.34, 110.98, 31.1, 0.95]
61.85,[223.42, 67.44, 476.04, 103.49, 98.72, 158.26, 25.66, -1.49]
61.91,[231.13, 119.81, 518.39, 55.67, 129.35, 137.39, 37.07, -0.95]
61.95,[297.78, 190.91, 540.05, 86.47, 101.15, 97.69, 11.05, -3.68]
61.99,[267.13, 360.45, 534.48, 79.94, 63.96, 113.55, 0.84, -0.04]
62.04,[293.21, 239.42, 514.06, 80.03, 98.97, 168.0, 9.5, -2.41]
62.13,[249.11, 257.04, 494.84, 83.91, 74.16, 114.71, 31.88, 1.4]
62.17,[188.08, 183.44, 559.23, 61.8, 77.94, 141.75, 52.22, 0.21]
62.25,[235.49, 204.09, 475.04, 101.89, 90.66, 103.14, 9.86, -0.28]
62.32,[240.21, 134.16, 486.16, 38.83, 82.09, 175.54, 31.85, -1.33]
62.35,[239.8, 196.97, 469.12, 119.05, 95.85, 151.94, 8.74, -1.42]

   44.1129	:   15.7061
  171.1195	:  159.8095
  172.1909	:  159.9447
  255.7675	:  268.5964
  305.5468	:  321.2841
  306.2727	:  321.6038
  463.1164	:  461.9862
  463.7793	:  463.2094
  520.1481	:  487.5584
  520.8335	:  487.6012
  574.4153	:  520.0527
  690.3114	:  570.6645
  921.5117	:  906.3972
 1094.6458	: 1122.5653
 1095.1101	: 1123.0173
 1136.1638	: 1170.9123
 1166.7584	: 1171.7425
 1166.8864	: 1177.7802

    0.3560
    0.9339
    0.9289
    1.0502
    1.0515
    1.0501
    0.9976
    0.9988
    0.9373
    0.9362
    0.9054
    0.8267
    0.9836
    1.0255
    1.0255
    1.0306
    1.0043
    1.0093

set otfb1 265.20
set otfb2 178.00
set otfb3 511.43
set otfa1 84.30
set otfa2 107.52
set otfa3 149.86
set otfa4 30.69
set otfd1 -4.85
