Generation: 2181 (runtime: 68015 seconds)
24.248157433210963,[330.8104800191141,184.35179196894228,348.9692406673702,516.8316899635106,127.51970620485926,34.23746667448687,100.44973511123764,33.3440794172084,35.874770096488554,79.64649783650705,66.5608665760495,0.4950140618151778,3.0896427147214913,0.08875177243764634,0.13045290979989937,253.6676827791603]
24.2481591439701,[330.81050746214805,184.35178444650438,348.96924087395735,516.8316961155263,127.51981691118783,34.23746666543651,100.44973482757476,33.34407624825619,35.874771537280935,79.6464979707292,66.56090276659718,0.4950151351715554,3.0896427143771126,0.08875164679378345,0.13045291038145526,253.66768464326822]
24.248159330321172,[330.81052652442264,184.351788094751,348.9692407412198,516.8316952380549,127.51985323196882,34.23746667327815,100.44973457567835,33.344076056836855,35.874771509447676,79.64649784644264,66.5608845564527,0.4950144533490899,3.0896427131769233,0.08875154529587627,0.13045291071303378,253.66768496823758]
24.248159504349942,[330.81079581232154,184.3517856608255,348.96924083002136,516.8317012796141,127.51971016153396,34.23746666435957,100.44973318313048,33.344077388796634,35.87477268606167,79.64649833757801,66.56088435655178,0.49501447065959236,3.0896427092688654,0.08875160692649953,0.13045291398988548,253.66768435889884]
24.248159670155765,[330.8104880148459,184.35178191270944,348.9692434671111,516.8316904180014,127.51970855660011,34.23746667398717,100.44973232035659,33.34408368781594,35.87477013915651,79.64649836596179,66.56088052830349,0.49501385492302763,3.089642687942965,0.0887526044032684,0.13045291626563685,253.66768353879834]
24.248159725129632,[330.8109273886859,184.3517943158464,348.9692405347393,516.8317024962693,127.51978539817092,34.23746667423639,100.44973515779174,33.34407503513661,35.87477290128922,79.6464977851638,66.56088801054975,0.4950141666825171,3.089642715586421,0.08875140979818233,0.13045290943950036,253.66768589375914]
24.248160203899545,[330.8105286616723,184.35177612136883,348.9692411808547,516.831695015434,127.51966273837755,34.23746667294376,100.4497335299697,33.344085648232195,35.87477055713057,79.64649813768794,66.56088378229973,0.4950143091122765,3.0896427248469087,0.08875244089329622,0.13045291235396494,253.66768039969838]
24.248160218784076,[330.81080997058183,184.3517802029059,348.9692410593479,516.8317066972337,127.51984255829724,34.23746665517874,100.44973392650792,33.34407378062761,35.874777988720275,79.64649807554662,66.5608959519661,0.4950153614660183,3.0896427130125144,0.08875166213641039,0.13045291302756315,253.66768464955058]
24.248160301166653,[330.81090254537486,184.3517767778025,348.96924100598335,516.8317030081496,127.51972214371219,34.23746666025692,100.4497330318903,33.344077948896945,35.87477349714409,79.64649806344148,66.56088880258153,0.4950122565321135,3.0896427043270567,0.08875192807136541,0.1304529143310043,253.6676875251725]
24.248160524743202,[330.8107459948794,184.35178586179185,348.9692407395283,516.8317013755607,127.51976512829415,34.23746666435087,100.44973309766101,33.344078417780224,35.87477218625844,79.64649781929299,66.56088372653042,0.4950133742934751,3.089642711987208,0.08875161319072473,0.1304529123227246,253.66768615703853]
24.248160554085143,[330.8109325108973,184.35178549413317,348.9692406149743,516.8317114078071,127.51982560128252,34.23746666256745,100.44973426437544,33.34407487361953,35.874773670240714,79.64649796654668,66.5608878494224,0.49501478870303794,3.089642713731145,0.08875165602166182,0.13045290961526232,253.66768281797454]
24.248160584250357,[330.81092434848665,184.3517853833856,348.9692407305306,516.8317053156791,127.51967697282203,34.23746666298907,100.44973294891592,33.3440812481883,35.874772342462045,79.64649777888896,66.56088341698467,0.4950133307512255,3.08964269539434,0.08875211397271857,0.13045291287932653,253.66768749970052]
24.248160584250357,[330.81092434848665,184.3517853833856,348.9692407305306,516.8317053156791,127.51967697282203,34.23746666298907,100.44973294891592,33.3440812481883,35.874772342462045,79.64649777888896,66.56088341698467,0.4950133307512255,3.08964269539434,0.08875211397271857,0.13045291287932653,253.66768749970052]
24.248160630824547,[330.8108984062584,184.3517736529537,348.9692407913608,516.8317002338597,127.51987353426864,34.23746665970866,100.44973311129922,33.34407351292401,35.87477532121588,79.64649850334612,66.56089148935851,0.4950099524248581,3.0896426973966045,0.08875181239935664,0.1304529135384766,253.66768762891041]
24.248160677644652,[330.8106804776627,184.351785928278,348.96924083184814,516.831700837012,127.51985962500656,34.23746666919214,100.44973486078214,33.34407566791574,35.874774101840046,79.64649843510786,66.5609075985003,0.49501511684355054,3.0896427101144557,0.08875158604281642,0.1304529117767561,253.66768490876487]
24.24816068733864,[330.8108505427872,184.35177680913046,348.96924092382386,516.8317036015824,127.51984616571033,34.23746666827145,100.44973423245563,33.34407412287642,35.874773821593664,79.64649808349674,66.56089084473653,0.49501476936968136,3.089642713086233,0.08875161482349862,0.13045291327019518,253.6676842588672]
24.248160791088605,[330.81086718664517,184.3517748347821,348.9692410602729,516.8317072695556,127.51983989710739,34.23746665819721,100.44973394007627,33.344073954642965,35.87477389300462,79.64649826893596,66.56089149837274,0.49501537455228145,3.0896427126242823,0.08875175118022371,0.1304529135219964,253.66768376961724]
24.248160866636645,[330.8108786872061,184.35178314031504,348.96924078717365,516.8317048083222,127.51981348615708,34.23746666020836,100.44973303118937,33.34407807922595,35.874771666048446,79.6464984896188,66.56088456771879,0.495009576854622,3.0896426958317202,0.08875205874952177,0.1304529129067542,253.66768745604955]
24.24816086713507,[330.81092204700883,184.35177404928754,348.9692408750201,516.8317029460994,127.51972059840072,34.237466658979734,100.44973308019915,33.34407770894128,35.87477301452169,79.64649787411199,66.56089334846669,0.49501498373114755,3.0896426977119944,0.08875180613242498,0.13045291328516823,253.6676880778162]
24.24816090639056,[330.81080352608933,184.35178218517123,348.9692410453436,516.8317021581723,127.51985857845698,34.2374666550907,100.44973391790388,33.344073403307895,35.874778103408644,79.64649802887715,66.5609201770381,0.4950151851672676,3.0896427131395248,0.08875152391127222,0.13045291101933654,253.66768741596476]
24.248160970629964,[330.81092434848665,184.3517853833856,348.9692407305306,516.8317053156791,127.51967697282203,34.23746666298907,100.44973294891592,33.3440812481883,35.874772342462045,79.64649777888896,66.56088341698467,0.49501322303149636,3.0896427059770426,0.08875178931771502,0.13045291606144752,253.66768396629965]
24.248160977874235,[330.81080858297,184.35177419686892,348.9692442582426,516.8316773118987,127.51990746228661,34.237467106230525,100.44973300442685,33.344074370305655,35.874771830178666,79.64649938558632,66.56086178471874,0.49500959117746446,3.089642716165656,0.08875165550720228,0.13045291040438295,253.66768612363268]
24.248161108363938,[330.81091402649344,184.35177064152617,348.96924099923535,516.8317017270035,127.51986027783063,34.237466655246806,100.44973320508646,33.344073279895966,35.87477575954516,79.64649835487769,66.56089751693273,0.49501262553559816,3.0896427095867853,0.08875179298540797,0.13045291415918853,253.66768828753777]
24.24816116500412,[330.8108736361385,184.3517738656609,348.9692409051588,516.8316855781138,127.5195644302463,34.23746667440164,100.44973291578088,33.34408736868937,35.87477211335628,79.64649774861755,66.56088333324145,0.49501123311327716,3.089642689112885,0.08875246763750838,0.1304529171530841,253.6676875832977]
24.24816125255959,[330.8105371704817,184.35178063107492,348.96924439141566,516.8316904114669,127.51983120903095,34.23746666303203,100.4497299645778,33.34408094604015,35.874770127395955,79.64649882453314,66.5608806277029,0.4950139913791364,3.0896426746214734,0.08875261439944987,0.1304529172874764,253.66768318115254]
24.248161287236805,[330.81079227136166,184.35178009008015,348.9692409134744,516.8316990671449,127.51973648449943,34.237466665028116,100.44973365381453,33.34408087325591,35.87477182112052,79.6464980380511,66.56089828610104,0.4950131711335232,3.0896427081912243,0.08875200919641618,0.1304529133876492,253.66768513957342]
24.24816135943833,[330.8109175277938,184.3517715413561,348.9692409473687,516.8317022935455,127.51985617677309,34.23746665629755,100.449733235837,33.34407346417372,35.87477557205073,79.64649835401907,66.56089747228523,0.4950150182074634,3.0896427101427593,0.08875178286500396,0.1304529135540692,253.66768822932534]
24.248161420464985,[330.8109358087105,184.35177866905593,348.96924096797727,516.8317019972053,127.51970567600486,34.23746666141432,100.44973241323936,33.34408119820111,35.87477282360249,79.64649804918196,66.560885555011,0.4950119928694512,3.089642696784648,0.0887520849524195,0.13045291514567336,253.66768542134184]
24.24816142481263,[330.81073708890756,184.3517721755205,348.9692464604443,516.831694806434,127.51952766645311,34.237466671055564,100.44973203932523,33.34408888929623,35.87477051803455,79.64649887523686,66.56088117508884,0.495014222944223,3.089642748138392,0.08875256170219306,0.1304529130055821,253.6676773681744]
24.24816150587727,[330.8108979832339,184.35176796487397,348.9692412457678,516.8316977498655,127.51988722369185,34.23746665516952,100.44973318081315,33.34407327204131,35.87477677167388,79.64649857678828,66.56089776541535,0.4950120759114599,3.08964270916748,0.08875179395184041,0.13045291478740295,253.66768844689162]
.
  116.7178	:  109.6587
  425.0038	:  427.7106
  464.1213	:  443.5445
  594.8670	:  578.9386
  597.1766	:  605.0465
  864.0633	:  841.0693
  979.6132	:  944.4045
 1045.6299	: 1023.4473
 1207.7242	: 1098.7962
 1308.1129	: 1276.8365
 1376.3175	: 1347.1877
 1442.3229	: 1354.6233
 1456.7373	: 1384.1931
 1878.1105	: 1782.8345
 3035.5845	: 2902.0824
 3102.6388	: 2998.9336
 3166.4380	: 3003.7848
 3764.1773	: 3602.3019

    0.9395
    1.0064
    0.9557
    0.9732
    1.0132
    0.9734
    0.9641
    0.9788
    0.9098
    0.9761
    0.9788
    0.9392
    0.9502
    0.9493
    0.9560
    0.9666
    0.9486
    0.9570
