Generation 191
612.47,[183.12, 120.575, 56.989, 352.358, 102.85, 525.402, 414.307, 35.293, 110.691, 24.45, 93.145, 114.575, 119.642, 72.465, 111.953, 63.067, 67.991, 42.975, 63.841, 106.615, 11.906, 43.905, 8.629, 5.092, 25.736, 13.894, 50.365, 51.593, -0.908, -3.268, 5.671, -6.61, 0.444, 1.134, 3.895, 3.398, 0.049]
612.52,[186.834, 126.702, 56.291, 356.632, 97.731, 522.305, 414.483, 34.333, 111.026, 24.99, 92.964, 115.122, 119.876, 72.12, 111.648, 62.822, 68.467, 42.326, 64.271, 106.149, 11.494, 44.195, 8.668, 4.738, 25.613, 13.635, 50.0, 50.0, -0.996, -3.143, 5.43, -6.646, 0.619, 3.424, 4.048, 3.157, 0.142]
613.00,[183.788, 118.557, 56.807, 353.748, 103.725, 524.49, 415.368, 34.88, 110.996, 24.602, 92.974, 115.008, 119.789, 72.413, 111.459, 63.068, 67.532, 42.943, 63.889, 106.51, 12.001, 44.012, 8.509, 5.271, 25.427, 13.686, 50.038, 50.429, -0.906, -3.202, 5.468, -6.55, 0.69, 1.458, 3.82, 2.794, 0.184]
613.29,[185.362, 122.371, 54.716, 356.409, 104.037, 521.638, 418.955, 33.595, 110.711, 24.573, 93.045, 115.685, 119.947, 73.624, 110.692, 62.666, 66.86, 43.698, 64.255, 106.629, 11.961, 44.071, 8.358, 4.895, 25.563, 13.802, 50.0, 49.937, -0.256, -3.266, 5.398, -6.601, 0.764, 3.55, 3.982, 3.41, -0.107]
613.32,[186.384, 120.657, 56.916, 353.384, 101.595, 524.618, 417.243, 34.826, 111.489, 25.714, 93.13, 114.498, 119.972, 73.588, 111.549, 63.357, 68.305, 43.12, 63.697, 106.632, 12.02, 44.237, 8.477, 4.88, 25.422, 13.583, 50.167, 50.24, -0.896, -3.443, 5.409, -6.643, 0.681, 1.712, 3.777, 2.649, 0.167]
613.37,[186.212, 120.461, 56.914, 353.437, 101.717, 524.225, 417.107, 34.941, 111.447, 25.632, 93.134, 114.527, 119.954, 73.461, 111.569, 63.353, 68.278, 43.102, 63.703, 106.616, 12.013, 44.226, 8.485, 4.883, 25.437, 13.577, 50.18, 50.224, -0.902, -3.429, 5.422, -6.643, 0.669, 1.77, 3.786, 2.625, 0.163]
613.45,[186.763, 122.671, 55.351, 356.409, 104.037, 521.638, 419.599, 33.522, 110.897, 24.559, 93.045, 115.685, 119.947, 73.552, 110.778, 62.828, 66.844, 43.548, 64.255, 106.629, 11.961, 44.089, 8.358, 4.895, 25.518, 13.893, 50.073, 49.937, -0.256, -3.207, 5.38, -6.611, 0.764, 3.558, 3.982, 3.41, -0.041]
613.50,[186.279, 128.1, 56.471, 348.993, 102.313, 522.724, 414.931, 35.433, 111.362, 24.619, 93.122, 115.334, 120.063, 71.645, 111.83, 63.161, 67.526, 42.907, 64.786, 106.172, 12.105, 44.144, 8.566, 5.093, 25.285, 13.57, 49.869, 50.626, -0.697, -3.268, 5.45, -6.665, 0.71, 1.448, 3.95, 2.886, -0.021]
613.51,[183.289, 118.938, 56.227, 355.275, 101.171, 521.081, 419.81, 34.539, 110.932, 24.785, 92.915, 115.022, 119.798, 71.838, 111.854, 62.575, 67.812, 43.04, 63.496, 106.474, 12.025, 44.448, 8.494, 5.115, 25.496, 13.566, 50.0, 50.0, -0.985, -3.08, 5.235, -6.597, 0.663, 2.117, 3.763, 2.738, 0.175]
613.53,[183.232, 118.873, 56.227, 355.308, 101.112, 521.018, 419.87, 34.476, 110.935, 24.797, 92.912, 115.015, 119.796, 71.826, 111.847, 62.55, 67.824, 43.048, 63.489, 106.467, 12.026, 44.445, 8.499, 5.119, 25.497, 13.562, 50.0, 50.0, -0.981, -3.077, 5.234, -6.599, 0.664, 2.144, 3.769, 2.72, 0.181]
613.55,[185.557, 117.699, 57.507, 353.156, 103.66, 522.69, 416.556, 31.143, 111.001, 24.832, 92.459, 114.939, 120.153, 73.429, 112.04, 62.681, 67.609, 42.994, 63.578, 107.04, 11.954, 43.729, 8.474, 5.034, 25.622, 13.465, 50.103, 50.025, -0.636, -3.206, 5.291, -6.495, 0.493, 0.428, 3.917, 3.427, 0.226]
613.56,[186.632, 120.824, 55.464, 352.542, 101.077, 524.158, 415.222, 35.072, 111.408, 24.066, 92.803, 114.747, 119.915, 72.776, 112.001, 62.953, 67.039, 42.945, 63.693, 106.656, 11.994, 43.874, 8.429, 5.066, 25.432, 13.9, 50.207, 51.792, -1.299, -3.159, 5.302, -6.619, 0.701, 0.977, 3.765, 3.4, 0.265]
613.57,[186.728, 120.837, 55.368, 352.492, 100.961, 524.364, 415.148, 35.083, 111.428, 24.014, 92.79, 114.735, 119.92, 72.837, 112.009, 62.943, 66.998, 42.943, 63.683, 106.663, 11.996, 43.868, 8.429, 5.08, 25.425, 13.922, 50.212, 51.909, -1.321, -3.153, 5.291, -6.599, 0.699, 0.916, 3.75, 3.45, 0.273]
613.57,[186.712, 120.841, 55.375, 352.502, 100.973, 524.351, 415.153, 35.088, 111.425, 24.021, 92.792, 114.735, 119.918, 72.826, 112.008, 62.943, 67.003, 42.944, 63.684, 106.662, 11.996, 43.869, 8.43, 5.079, 25.427, 13.92, 50.213, 51.897, -1.319, -3.153, 5.292, -6.6, 0.698, 0.921, 3.75, 3.446, 0.272]
613.58,[186.561, 121.66, 55.733, 355.808, 102.946, 522.026, 419.116, 33.797, 111.084, 24.844, 93.057, 115.54, 119.959, 72.903, 111.034, 62.836, 67.193, 43.386, 64.158, 106.549, 11.962, 44.112, 8.387, 4.939, 25.533, 13.855, 50.057, 49.951, -0.433, -3.165, 5.394, -6.617, 0.723, 3.518, 3.921, 3.133, 0.048]
613.59,[187.201, 116.468, 56.703, 354.241, 101.006, 527.939, 416.973, 34.507, 112.378, 24.525, 92.211, 116.61, 119.572, 72.951, 111.375, 64.357, 67.81, 43.006, 63.34, 107.046, 11.949, 44.132, 8.207, 5.085, 25.444, 13.827, 50.793, 50.398, -1.542, -3.12, 4.996, -6.602, 0.643, 2.31, 3.923, 3.187, 0.367]
613.60,[186.522, 120.575, 55.711, 352.358, 100.671, 525.402, 415.319, 35.293, 111.356, 24.45, 92.836, 114.575, 119.914, 72.465, 112.021, 63.067, 67.257, 42.975, 63.668, 106.615, 12.015, 43.905, 8.45, 5.092, 25.453, 13.894, 50.146, 51.593, -1.257, -3.268, 5.292, -6.61, 0.705, 1.134, 3.725, 3.398, 0.279]
613.61,[186.606, 122.194, 57.054, 349.118, 102.721, 522.82, 414.2, 35.325, 111.078, 24.764, 92.528, 115.016, 119.68, 73.042, 112.046, 62.815, 67.507, 43.11, 64.035, 106.92, 12.176, 43.551, 8.692, 5.024, 25.305, 13.586, 50.076, 49.978, -0.618, -3.398, 5.329, -6.613, 0.431, 1.492, 3.918, 3.397, -0.001]
613.63,[186.99, 119.516, 55.976, 354.167, 103.551, 527.183, 414.935, 31.122, 112.029, 24.558, 92.879, 114.871, 119.894, 71.332, 111.99, 63.004, 68.173, 42.921, 63.75, 106.657, 12.427, 44.013, 8.626, 4.844, 25.581, 13.535, 50.0, 50.0, -1.078, -3.17, 5.381, -6.898, 0.517, 2.147, 4.142, 2.726, 0.499]
613.64,[184.101, 120.652, 56.945, 352.957, 102.766, 521.861, 418.063, 35.403, 110.945, 24.977, 93.032, 115.044, 119.741, 71.519, 111.839, 62.721, 68.021, 43.073, 63.684, 106.333, 11.942, 43.973, 8.545, 5.006, 25.568, 13.608, 50.159, 49.974, -0.99, -3.166, 5.365, -6.623, 0.573, 1.97, 3.955, 2.684, 0.048]
613.65,[184.634, 110.914, 56.618, 352.001, 103.539, 525.646, 417.236, 35.794, 110.518, 24.29, 93.281, 115.686, 119.493, 71.297, 112.28, 63.266, 68.523, 42.844, 64.119, 106.701, 11.969, 44.163, 8.836, 4.982, 25.692, 13.365, 49.546, 50.0, -0.899, -3.192, 6.187, -6.627, 0.401, 2.857, 4.116, 2.132, 0.245]
613.65,[185.877, 124.995, 57.182, 353.186, 103.024, 519.007, 418.03, 34.275, 111.217, 24.772, 93.034, 115.139, 119.836, 72.117, 111.346, 63.178, 67.341, 43.044, 63.547, 106.575, 11.973, 43.923, 8.425, 4.987, 25.484, 13.497, 50.28, 49.719, -0.986, -3.166, 5.517, -6.627, 0.712, 1.649, 4.038, 2.429, 0.017]
613.66,[184.267, 118.939, 56.315, 353.079, 101.228, 521.822, 417.795, 34.851, 111.134, 24.735, 92.941, 115.075, 119.735, 71.427, 111.703, 62.813, 67.718, 43.018, 63.573, 106.544, 11.979, 44.201, 8.477, 4.998, 25.467, 13.605, 50.028, 50.165, -0.875, -3.191, 5.371, -6.617, 0.654, 1.854, 3.792, 2.849, 0.165]
613.66,[184.524, 117.927, 56.58, 354.371, 103.135, 518.711, 414.782, 31.797, 110.97, 24.737, 93.232, 115.023, 119.499, 71.831, 112.215, 63.341, 67.718, 42.895, 63.904, 106.573, 11.942, 43.962, 8.732, 4.95, 25.602, 13.503, 50.0, 50.023, -0.814, -3.194, 5.696, -7.138, 0.879, 2.932, 4.1, 2.424, 0.1]
613.67,[184.634, 116.319, 56.618, 352.111, 103.053, 526.924, 419.255, 33.97, 110.795, 24.29, 93.054, 115.649, 119.493, 71.308, 112.121, 63.501, 68.725, 42.993, 63.637, 106.701, 11.969, 44.121, 8.627, 4.885, 25.563, 13.365, 49.546, 50.0, -0.84, -2.854, 5.889, -6.627, 0.354, 2.857, 4.003, 2.146, 0.245]
613.70,[186.925, 123.642, 56.446, 351.198, 98.759, 527.576, 414.643, 35.979, 111.294, 24.742, 92.504, 115.493, 119.632, 73.024, 111.468, 63.485, 67.952, 43.132, 63.77, 106.69, 12.033, 44.149, 8.442, 5.101, 25.464, 13.856, 49.809, 50.776, -0.788, -3.013, 5.194, -6.567, 0.654, 1.872, 4.066, 3.189, 0.196]
613.70,[186.721, 118.495, 55.693, 353.427, 99.412, 525.686, 415.831, 34.454, 112.12, 24.549, 93.179, 114.482, 119.86, 71.126, 112.044, 62.696, 68.061, 42.974, 64.139, 106.819, 12.05, 44.077, 8.495, 5.063, 25.415, 13.749, 49.923, 50.514, -0.43, -3.207, 5.231, -6.631, 0.743, 1.743, 4.064, 3.128, 0.084]
613.72,[184.634, 116.319, 56.618, 352.001, 103.539, 525.646, 417.236, 35.794, 110.912, 24.29, 93.054, 115.686, 119.493, 71.297, 112.121, 63.266, 68.523, 42.844, 63.574, 106.701, 11.969, 44.163, 8.517, 4.982, 25.692, 13.365, 49.546, 50.104, -0.899, -2.88, 5.848, -6.627, 0.354, 2.857, 4.003, 2.132, 0.245]
613.72,[184.634, 116.319, 56.618, 352.001, 103.539, 525.646, 417.236, 35.794, 110.912, 24.29, 93.054, 115.686, 119.493, 71.297, 112.121, 63.266, 68.523, 42.844, 63.574, 106.701, 11.969, 44.163, 8.517, 4.982, 25.692, 13.365, 49.546, 50.104, -0.899, -2.88, 5.848, -6.627, 0.354, 2.857, 4.003, 2.132, 0.245]
613.72,[184.634, 116.319, 56.618, 352.001, 103.539, 525.646, 417.236, 35.794, 110.912, 24.29, 93.054, 115.686, 119.493, 71.297, 112.121, 63.266, 68.523, 42.844, 63.574, 106.701, 11.969, 44.163, 8.517, 4.982, 25.692, 13.365, 49.546, 50.104, -0.899, -2.88, 5.848, -6.627, 0.354, 2.857, 4.003, 2.132, 0.245]
613.75,[185.425, 117.258, 56.328, 352.581, 101.673, 525.559, 416.75, 35.392, 111.186, 24.371, 93.226, 115.263, 119.68, 71.24, 111.984, 63.13, 68.142, 42.892, 63.706, 106.748, 11.989, 44.106, 8.683, 4.97, 25.561, 13.452, 49.86, 50.0, -1.037, -2.966, 5.768, -6.623, 0.366, 2.621, 4.14, 2.412, 0.187]
613.76,[186.879, 126.021, 56.029, 350.49, 103.458, 525.938, 423.705, 35.538, 111.574, 24.635, 92.857, 114.369, 119.853, 72.382, 111.406, 63.052, 67.662, 43.057, 64.182, 106.736, 12.04, 43.838, 8.583, 5.037, 25.479, 13.598, 50.387, 49.809, -1.067, -3.191, 5.412, -6.517, 0.643, 1.432, 3.994, 2.544, 0.194]
613.76,[186.891, 119.341, 56.592, 352.499, 101.693, 526.234, 415.808, 34.773, 112.063, 24.46, 92.301, 115.972, 119.723, 72.484, 111.52, 63.867, 67.601, 43.095, 63.722, 106.76, 11.999, 44.129, 8.34, 5.053, 25.381, 13.887, 50.534, 50.233, -1.472, -3.187, 5.146, -6.613, 0.67, 1.904, 3.933, 3.108, 0.235]
613.76,[186.885, 119.988, 56.278, 356.387, 100.077, 520.395, 417.914, 33.395, 111.243, 25.518, 93.16, 115.124, 120.0, 71.948, 111.637, 62.823, 67.504, 43.163, 63.891, 106.14, 11.94, 44.189, 8.42, 5.148, 25.693, 13.769, 50.0, 50.0, -0.99, -3.14, 5.429, -6.634, 0.71, 3.94, 3.676, 3.167, 0.173]
613.77,[186.557, 124.108, 56.893, 348.937, 99.752, 524.256, 414.036, 35.624, 111.48, 24.511, 92.671, 114.224, 119.799, 72.134, 111.755, 62.985, 67.495, 43.17, 64.333, 106.129, 12.337, 44.123, 8.648, 5.015, 25.329, 13.823, 50.0, 49.948, -1.127, -3.335, 5.422, -6.626, 0.697, 1.213, 3.915, 2.941, -0.057]
613.77,[183.721, 118.905, 58.034, 351.974, 105.084, 520.802, 410.835, 31.706, 111.368, 24.324, 93.263, 114.732, 119.621, 69.002, 111.787, 62.605, 68.008, 42.94, 63.585, 106.306, 11.915, 44.007, 8.3, 4.951, 25.593, 13.519, 49.986, 49.924, -0.86, -3.207, 5.523, -6.722, 0.512, 1.54, 3.815, 2.313, 0.091]
613.78,[185.297, 128.501, 53.444, 348.449, 100.046, 525.958, 409.706, 33.697, 110.34, 23.865, 92.873, 114.961, 119.953, 72.334, 111.659, 62.679, 66.679, 43.883, 64.224, 106.692, 12.041, 43.963, 8.428, 5.048, 25.207, 14.364, 49.893, 49.807, 0.822, -3.189, 5.775, -6.672, 0.755, 0.572, 4.038, 2.728, -0.251]
613.78,[186.632, 118.533, 56.782, 353.608, 99.218, 527.022, 416.514, 35.113, 111.815, 24.496, 93.213, 114.118, 120.047, 71.12, 111.932, 62.771, 68.38, 43.001, 63.831, 107.031, 11.953, 43.991, 8.487, 4.938, 25.592, 13.355, 50.171, 49.776, -1.02, -3.191, 5.456, -6.619, 0.618, 2.089, 3.728, 3.307, 0.336]
613.78,[185.311, 128.171, 53.557, 348.606, 100.017, 526.04, 409.925, 33.747, 110.376, 23.945, 92.882, 114.958, 119.953, 72.278, 111.667, 62.693, 66.734, 43.856, 64.209, 106.678, 12.04, 43.97, 8.43, 5.049, 25.219, 14.344, 49.896, 49.808, 0.764, -3.202, 5.764, -6.672, 0.75, 0.666, 4.028, 2.713, -0.234]
613.79,[186.834, 122.859, 56.509, 351.235, 99.444, 526.994, 414.839, 35.878, 111.308, 24.708, 92.58, 115.453, 119.685, 72.767, 111.497, 63.478, 67.889, 43.08, 63.744, 106.672, 12.009, 44.134, 8.459, 5.081, 25.453, 13.825, 49.82, 50.741, -0.817, -3.05, 5.242, -6.582, 0.661, 1.821, 4.019, 3.13, 0.173]
613.79,[185.336, 116.612, 55.732, 350.158, 103.854, 524.858, 416.869, 35.833, 111.005, 24.058, 92.962, 114.855, 119.913, 73.562, 112.163, 63.01, 67.415, 42.831, 63.637, 106.502, 12.026, 43.755, 8.436, 5.027, 25.705, 13.356, 50.521, 50.034, -0.684, -3.205, 5.461, -6.658, 0.832, 1.218, 4.053, 3.442, 0.11]
613.80,[184.984, 117.804, 57.043, 353.535, 97.922, 529.943, 416.867, 35.179, 111.164, 25.303, 93.217, 114.937, 119.817, 70.825, 112.285, 63.162, 68.604, 42.96, 63.698, 106.135, 11.993, 44.178, 8.406, 4.627, 25.52, 13.604, 50.0, 50.054, -0.93, -3.324, 5.479, -6.877, 0.639, 3.094, 3.645, 2.504, 0.39]
613.80,[188.223, 119.516, 55.976, 354.167, 103.057, 527.183, 415.223, 34.138, 111.799, 24.675, 93.185, 114.871, 119.918, 71.332, 111.694, 63.343, 68.173, 42.921, 63.94, 106.682, 11.965, 44.013, 8.565, 4.951, 25.581, 13.674, 50.739, 50.179, -1.335, -3.17, 5.386, -6.599, 0.472, 2.176, 3.906, 2.726, 0.119]
613.80,[185.324, 117.258, 56.328, 352.581, 103.632, 525.559, 416.75, 35.392, 111.21, 24.361, 93.079, 115.263, 119.601, 71.24, 111.984, 63.094, 68.142, 42.892, 63.706, 106.748, 11.991, 44.106, 8.44, 4.97, 25.609, 13.452, 49.841, 50.027, -1.013, -2.966, 5.656, -6.623, 0.436, 2.621, 3.968, 2.412, 0.187]
613.81,[186.25, 124.316, 55.602, 352.647, 101.36, 526.046, 422.551, 35.293, 111.042, 23.879, 92.676, 115.423, 120.009, 73.956, 111.84, 62.511, 66.885, 42.913, 63.995, 106.754, 12.016, 43.888, 8.485, 5.012, 25.343, 13.208, 50.003, 49.891, -1.54, -3.208, 5.272, -6.585, 0.812, 1.247, 3.794, 3.308, -0.146]
613.81,[186.586, 128.371, 56.478, 349.824, 97.509, 527.927, 414.777, 36.165, 111.38, 24.638, 92.36, 115.524, 119.667, 72.752, 111.634, 63.142, 67.487, 42.921, 63.531, 106.577, 12.058, 44.148, 8.394, 5.093, 25.381, 13.847, 49.817, 50.802, -0.663, -3.163, 5.247, -6.636, 0.737, 1.745, 3.95, 2.885, 0.112]
613.82,[186.333, 126.757, 57.314, 352.979, 102.982, 518.983, 418.814, 33.724, 111.281, 24.857, 93.007, 115.163, 119.872, 72.271, 111.225, 63.165, 67.236, 43.09, 63.477, 106.612, 11.98, 43.89, 8.386, 4.991, 25.445, 13.492, 50.349, 49.654, -0.983, -3.156, 5.505, -6.62, 0.765, 1.434, 4.071, 2.436, -0.013]
613.82,[186.352, 126.867, 57.322, 352.96, 102.979, 518.977, 418.855, 33.718, 111.286, 24.859, 93.004, 115.154, 119.875, 72.28, 111.218, 63.164, 67.225, 43.093, 63.471, 106.613, 11.982, 43.888, 8.382, 4.992, 25.443, 13.491, 50.355, 49.649, -0.984, -3.156, 5.505, -6.619, 0.769, 1.43, 4.073, 2.438, -0.015]
613.83,[184.149, 112.772, 58.346, 353.714, 102.901, 522.602, 415.89, 37.633, 110.824, 25.205, 93.045, 113.923, 119.741, 71.172, 111.216, 63.707, 67.657, 43.186, 64.84, 106.593, 11.961, 44.302, 8.593, 5.101, 25.666, 13.405, 50.0, 50.0, -1.222, -3.076, 5.539, -6.631, 0.612, 2.094, 3.902, 2.776, -0.324]
613.85,[185.235, 118.94, 56.403, 352.374, 101.285, 522.555, 416.294, 35.161, 111.247, 24.685, 93.004, 115.128, 119.774, 71.276, 111.686, 62.952, 67.573, 42.996, 63.719, 106.539, 11.97, 44.111, 8.527, 5.037, 25.438, 13.643, 49.969, 50.31, -0.766, -3.202, 5.411, -6.637, 0.644, 1.701, 3.821, 2.83, 0.166]
613.86,[187.094, 127.115, 55.89, 352.766, 103.68, 526.036, 421.001, 34.202, 111.052, 24.844, 92.966, 115.234, 119.926, 72.386, 111.485, 63.163, 67.577, 43.131, 63.841, 106.784, 11.976, 43.854, 8.489, 5.02, 25.454, 13.505, 50.0, 49.809, -0.996, -2.945, 5.46, -6.525, 0.738, 1.475, 4.101, 2.527, 0.11]
613.87,[187.034, 120.575, 57.213, 357.887, 102.06, 521.118, 421.458, 33.055, 111.379, 25.079, 93.032, 115.643, 119.84, 73.031, 110.574, 62.737, 67.142, 43.097, 63.428, 106.749, 11.922, 43.926, 8.576, 4.979, 25.311, 13.524, 50.031, 49.91, -1.24, -3.116, 5.378, -6.614, 0.701, 1.663, 4.049, 2.87, -0.02]
613.87,[186.266, 122.6, 56.367, 353.407, 103.079, 523.51, 413.457, 37.891, 111.428, 24.074, 92.483, 115.357, 120.028, 71.636, 111.812, 64.29, 67.18, 42.991, 64.493, 106.963, 12.1, 44.586, 8.608, 4.889, 25.253, 13.848, 50.013, 50.165, -1.33, -3.231, 5.45, -6.509, 0.724, 0.689, 3.954, 3.68, -0.031]
613.88,[185.621, 117.819, 56.383, 352.274, 102.869, 524.804, 416.092, 35.419, 111.261, 24.453, 93.075, 115.236, 119.672, 71.201, 111.879, 63.093, 67.904, 42.919, 63.759, 106.677, 11.981, 44.078, 8.486, 5.005, 25.543, 13.528, 49.863, 50.17, -0.894, -3.048, 5.587, -6.634, 0.502, 2.263, 3.929, 2.544, 0.18]
613.88,[186.256, 124.271, 57.26, 353.019, 101.807, 521.38, 418.079, 34.264, 111.325, 25.281, 93.051, 114.933, 119.902, 71.75, 111.463, 63.197, 67.623, 43.068, 63.55, 106.521, 11.995, 43.964, 8.427, 5.031, 25.491, 13.556, 50.24, 49.886, -0.98, -3.238, 5.467, -6.629, 0.736, 1.866, 3.946, 2.491, 0.09]
613.89,[187.125, 117.487, 56.208, 348.846, 100.267, 527.112, 415.168, 36.236, 111.828, 24.867, 93.038, 113.325, 119.897, 72.868, 111.643, 63.19, 68.11, 42.962, 64.02, 106.823, 12.024, 44.128, 8.727, 5.069, 25.479, 13.46, 50.167, 50.039, -0.555, -3.433, 5.367, -6.61, 0.646, 1.467, 3.867, 2.841, -0.108]
613.89,[186.903, 126.946, 55.89, 352.766, 103.58, 526.036, 421.001, 34.8, 111.052, 24.85, 92.964, 115.248, 119.833, 72.386, 111.485, 63.163, 67.577, 43.131, 63.879, 106.784, 11.976, 43.884, 8.518, 5.02, 25.455, 13.471, 50.855, 49.841, -1.031, -2.959, 5.46, -6.525, 0.738, 1.444, 4.101, 2.48, 0.11]
613.89,[184.517, 122.105, 57.324, 347.932, 103.495, 524.719, 412.337, 37.454, 110.845, 23.938, 93.023, 114.904, 119.843, 72.35, 112.0, 63.105, 67.009, 44.335, 64.015, 106.694, 11.938, 43.978, 8.294, 5.058, 25.441, 14.197, 49.898, 50.0, -0.698, -3.182, 5.492, -6.635, 0.788, 0.506, 4.064, 2.933, 0.0]
613.89,[186.721, 121.484, 56.928, 356.097, 102.463, 521.99, 420.131, 33.53, 111.349, 24.924, 93.055, 115.493, 119.865, 72.677, 110.833, 62.832, 67.215, 43.139, 63.465, 106.721, 11.921, 43.921, 8.556, 4.983, 25.355, 13.636, 50.074, 49.902, -1.009, -3.146, 5.426, -6.621, 0.718, 1.627, 4.025, 2.809, -0.005]
613.90,[186.517, 120.425, 54.765, 352.373, 104.08, 523.743, 430.822, 35.14, 111.416, 23.058, 92.213, 115.088, 119.912, 73.18, 111.594, 63.308, 67.133, 42.775, 63.943, 107.069, 11.996, 45.086, 7.897, 5.086, 25.447, 13.693, 50.0, 49.798, -0.887, -3.181, 5.642, -6.532, 0.653, 1.13, 3.848, 3.358, 0.341]
613.90,[184.678, 118.176, 58.856, 354.344, 103.007, 521.302, 415.425, 34.908, 111.017, 24.987, 93.004, 115.155, 119.695, 71.324, 111.791, 63.254, 67.928, 42.808, 63.972, 106.786, 11.945, 44.042, 8.66, 4.848, 25.711, 13.487, 50.249, 49.951, -0.938, -3.476, 5.57, -6.68, 0.473, 1.518, 3.879, 2.719, 0.131]
613.91,[186.311, 119.769, 56.584, 354.191, 100.433, 522.053, 416.679, 33.891, 111.366, 25.301, 93.014, 115.057, 119.833, 71.596, 111.671, 62.786, 67.593, 42.985, 63.843, 106.175, 11.924, 44.155, 8.453, 5.0, 25.61, 13.616, 50.154, 50.353, -0.967, -3.154, 5.446, -6.659, 0.601, 3.554, 3.731, 3.015, 0.254]
613.91,[184.98, 118.538, 56.52, 353.952, 102.037, 531.63, 416.57, 35.153, 111.181, 24.817, 93.221, 115.126, 119.832, 71.087, 112.144, 63.082, 67.82, 43.004, 63.693, 106.304, 11.999, 44.163, 8.442, 4.785, 25.437, 13.649, 49.957, 49.943, -0.824, -3.292, 5.434, -6.707, 0.638, 3.084, 3.823, 2.374, 0.061]
613.92,[186.834, 120.078, 56.262, 348.893, 101.219, 525.65, 414.588, 35.923, 111.692, 24.685, 92.85, 113.785, 119.942, 72.419, 111.7, 63.085, 67.795, 43.068, 64.181, 106.607, 12.05, 44.125, 8.687, 5.041, 25.402, 13.645, 50.115, 49.993, -0.817, -3.395, 5.395, -6.618, 0.672, 1.337, 3.896, 2.878, -0.082]
613.93,[185.526, 118.161, 58.952, 354.178, 103.153, 517.942, 414.744, 31.681, 110.925, 24.738, 93.446, 114.988, 119.604, 71.347, 112.311, 63.284, 67.694, 42.791, 63.903, 106.55, 11.934, 43.848, 8.627, 4.967, 25.641, 13.499, 50.015, 49.88, -0.77, -3.208, 5.629, -6.651, 0.492, 2.653, 3.987, 2.296, 0.099]
613.94,[185.564, 118.622, 58.63, 354.095, 103.122, 518.332, 414.803, 31.91, 110.942, 24.7, 93.382, 115.043, 119.608, 71.262, 112.241, 63.218, 67.716, 42.856, 63.858, 106.552, 11.943, 43.917, 8.592, 4.963, 25.637, 13.525, 50.0, 49.981, -0.82, -3.199, 5.599, -6.654, 0.5, 2.432, 3.967, 2.364, 0.124]
613.94,[186.806, 119.568, 56.167, 355.29, 100.087, 521.803, 417.118, 33.89, 111.266, 25.268, 93.07, 114.957, 119.975, 71.709, 111.722, 62.861, 67.605, 43.113, 63.847, 106.279, 11.97, 44.15, 8.428, 5.127, 25.63, 13.783, 49.984, 50.28, -0.916, -3.169, 5.39, -6.636, 0.71, 3.315, 3.765, 3.156, 0.203]
613.95,[186.557, 122.549, 56.313, 348.937, 102.127, 524.256, 414.036, 35.624, 111.563, 24.511, 92.671, 114.224, 119.984, 71.991, 111.755, 62.985, 67.495, 43.17, 64.333, 106.4, 12.074, 44.123, 8.648, 5.015, 25.329, 13.823, 50.065, 49.948, -1.068, -3.358, 5.422, -6.626, 0.697, 1.213, 3.924, 2.913, -0.057]
613.95,[185.793, 120.966, 58.103, 353.173, 102.875, 522.864, 427.812, 35.046, 111.006, 23.977, 92.672, 114.897, 120.18, 73.303, 111.875, 62.336, 67.554, 43.003, 63.534, 107.01, 12.004, 43.566, 8.448, 5.034, 25.438, 13.436, 50.141, 50.002, -0.714, -3.264, 5.302, -6.423, 0.564, 0.558, 3.923, 3.284, 0.246]
613.96,[185.917, 118.38, 56.437, 351.968, 102.106, 524.05, 415.435, 35.446, 111.311, 24.544, 93.071, 115.209, 119.743, 71.162, 111.774, 63.092, 67.665, 42.946, 63.813, 106.606, 11.971, 44.049, 8.532, 5.041, 25.476, 13.605, 49.886, 50.313, -0.775, -3.131, 5.519, -6.646, 0.568, 1.905, 3.89, 2.677, 0.173]
613.96,[184.457, 123.331, 58.369, 352.56, 102.706, 521.321, 414.846, 35.779, 111.015, 25.197, 93.218, 115.246, 119.684, 71.379, 111.996, 63.25, 67.92, 42.933, 63.888, 106.412, 11.944, 43.989, 8.649, 4.884, 25.506, 13.721, 50.166, 49.969, -0.966, -3.414, 5.567, -6.775, 0.456, 1.863, 3.881, 2.663, 0.093]
613.97,[186.871, 121.021, 56.897, 352.641, 100.898, 524.81, 414.721, 35.653, 111.347, 24.931, 92.713, 114.723, 119.905, 71.712, 111.85, 63.086, 66.911, 42.951, 63.639, 106.538, 12.005, 43.99, 8.458, 5.08, 25.403, 13.798, 50.022, 51.579, -0.45, -3.163, 5.231, -6.641, 0.729, 1.776, 3.789, 3.256, 0.312]
613.97,[185.297, 125.085, 55.646, 348.449, 100.046, 526.335, 409.706, 35.542, 110.022, 23.977, 92.501, 115.23, 119.953, 72.025, 111.594, 62.816, 66.733, 43.883, 64.236, 106.803, 12.041, 43.963, 8.522, 5.048, 25.207, 14.369, 49.893, 49.807, 0.822, -3.189, 5.688, -6.672, 0.779, 0.572, 4.038, 2.728, -0.23]
613.97,[185.073, 121.288, 56.483, 350.652, 104.221, 524.788, 416.115, 33.538, 111.017, 24.356, 93.037, 114.85, 119.771, 71.08, 111.864, 63.15, 67.564, 43.865, 63.765, 106.176, 12.075, 43.84, 8.406, 4.838, 25.641, 13.994, 50.0, 49.664, -0.901, -3.321, 5.65, -6.828, 0.753, 1.421, 4.199, 2.728, 0.127]
613.98,[186.266, 125.14, 56.367, 348.983, 103.079, 522.793, 413.457, 35.311, 111.428, 24.329, 92.483, 114.685, 120.028, 71.542, 111.812, 62.88, 67.18, 43.276, 64.493, 106.183, 12.1, 44.121, 8.608, 4.988, 25.253, 14.008, 50.013, 49.901, -1.33, -3.32, 5.45, -6.634, 0.724, 1.083, 3.954, 2.95, -0.031]
614.01,[183.12, 123.231, 56.989, 353.905, 102.85, 520.821, 414.307, 36.005, 110.691, 25.378, 93.145, 114.926, 119.642, 70.994, 111.953, 62.891, 67.991, 43.153, 63.841, 106.342, 11.906, 43.882, 8.629, 4.981, 25.736, 13.754, 50.365, 50.035, -0.908, -3.136, 5.671, -6.642, 0.444, 1.794, 3.895, 2.489, 0.049]
614.01,[186.538, 118.781, 56.514, 354.071, 102.629, 523.625, 416.401, 37.033, 110.95, 23.946, 93.06, 115.092, 119.792, 73.225, 112.053, 63.747, 67.515, 42.949, 63.889, 106.594, 11.992, 44.934, 8.286, 4.863, 25.417, 13.706, 49.902, 50.542, -1.076, -3.205, 5.45, -6.565, 0.647, 0.217, 4.031, 3.502, -0.006]
614.01,[183.505, 117.519, 56.646, 355.088, 102.764, 519.431, 414.824, 36.168, 110.957, 24.768, 93.152, 115.488, 119.711, 71.846, 111.872, 63.23, 68.124, 42.822, 63.952, 106.498, 11.942, 44.039, 8.643, 4.969, 25.656, 13.533, 49.965, 49.893, -0.871, -3.171, 5.661, -6.714, 0.38, 2.617, 3.896, 2.324, 0.261]
614.01,[186.541, 118.791, 56.513, 354.075, 102.603, 523.614, 416.414, 37.009, 110.954, 23.959, 93.059, 115.092, 119.793, 73.216, 112.05, 63.739, 67.515, 42.949, 63.889, 106.59, 11.991, 44.928, 8.288, 4.864, 25.419, 13.705, 49.904, 50.541, -1.075, -3.204, 5.45, -6.566, 0.647, 0.249, 4.029, 3.499, -0.003]
614.01,[186.085, 125.814, 57.094, 353.008, 102.155, 520.694, 416.58, 34.777, 111.324, 24.878, 92.868, 115.026, 119.934, 71.185, 111.455, 63.117, 67.541, 43.023, 63.6, 106.527, 12.032, 43.931, 8.442, 5.045, 25.497, 13.728, 49.94, 50.145, -0.851, -3.226, 5.322, -6.644, 0.725, 1.755, 3.928, 2.849, 0.051]
614.01,[188.242, 120.131, 56.387, 352.604, 99.519, 523.876, 417.814, 35.414, 111.131, 24.976, 93.081, 114.657, 119.796, 70.295, 112.034, 64.066, 68.04, 42.969, 63.387, 106.642, 12.011, 44.185, 8.409, 5.035, 25.627, 13.52, 49.895, 50.0, -0.98, -3.643, 5.369, -6.625, 0.63, 2.111, 3.829, 2.84, 0.259]
614.02,[186.734, 124.829, 55.823, 354.02, 103.782, 523.186, 420.118, 35.762, 110.849, 24.942, 92.946, 115.01, 119.8, 71.653, 111.744, 63.046, 67.672, 43.039, 63.753, 106.788, 11.972, 44.102, 8.469, 5.009, 25.383, 13.999, 50.842, 49.942, -1.111, -3.055, 5.447, -6.555, 0.674, 1.169, 3.828, 2.971, 0.095]
614.02,[186.57, 119.16, 56.305, 353.783, 102.325, 523.758, 416.172, 36.675, 111.037, 23.959, 93.011, 115.026, 119.815, 73.152, 112.045, 63.599, 67.421, 42.948, 63.851, 106.606, 11.992, 44.739, 8.313, 4.903, 25.419, 13.745, 49.959, 50.791, -1.121, -3.195, 5.421, -6.571, 0.657, 0.346, 3.98, 3.492, 0.045]
614.03,[183.289, 118.938, 56.227, 353.791, 101.171, 521.081, 419.312, 34.539, 111.02, 24.785, 92.878, 115.022, 119.696, 71.58, 111.72, 62.673, 67.864, 43.04, 63.425, 106.548, 11.989, 44.292, 8.427, 4.959, 25.496, 13.566, 50.088, 50.018, -0.985, -3.18, 5.331, -6.597, 0.663, 2.009, 3.763, 2.869, 0.165]
614.03,[186.465, 124.358, 55.781, 354.396, 104.234, 523.559, 420.374, 35.814, 110.628, 24.875, 93.02, 114.85, 119.79, 71.129, 111.814, 63.243, 67.795, 43.024, 63.889, 106.728, 11.973, 44.015, 8.5, 5.014, 25.45, 13.9, 50.9, 49.936, -1.131, -2.982, 5.427, -6.546, 0.627, 1.692, 3.842, 2.842, 0.157]
614.03,[185.602, 122.603, 56.957, 350.752, 99.579, 517.961, 415.001, 36.442, 111.484, 24.669, 92.451, 115.152, 119.715, 72.671, 111.651, 63.544, 67.2, 42.711, 63.645, 106.691, 11.964, 44.174, 8.461, 4.936, 25.393, 13.948, 49.849, 49.858, -0.905, -3.024, 5.422, -6.523, 0.666, 1.732, 3.95, 3.102, 0.145]
614.03,[184.122, 121.053, 58.1, 353.044, 102.862, 520.264, 414.719, 36.225, 110.975, 25.047, 93.267, 115.12, 119.716, 71.532, 111.986, 63.302, 67.83, 42.826, 63.915, 106.395, 11.935, 43.913, 8.69, 4.911, 25.54, 13.63, 50.254, 49.812, -0.916, -3.384, 5.599, -6.74, 0.456, 2.316, 3.906, 2.498, 0.063]
614.04,[184.658, 118.033, 57.992, 350.542, 97.621, 534.365, 415.222, 36.772, 110.765, 27.459, 92.979, 113.312, 120.04, 70.132, 112.257, 64.057, 69.102, 43.132, 63.488, 106.34, 12.157, 44.202, 8.672, 5.224, 25.685, 13.798, 49.797, 49.873, -0.704, -4.151, 5.207, -6.666, 0.732, 2.364, 3.528, 3.312, 0.145]
614.04,[186.873, 125.039, 55.802, 354.03, 103.816, 523.264, 420.395, 35.772, 110.845, 24.939, 92.94, 115.021, 119.801, 71.666, 111.733, 63.053, 67.669, 43.036, 63.745, 106.8, 11.974, 44.112, 8.466, 5.015, 25.37, 14.019, 50.873, 49.939, -1.118, -3.048, 5.443, -6.541, 0.679, 1.136, 3.822, 2.982, 0.089]
614.04,[186.214, 118.941, 56.492, 351.661, 101.343, 523.296, 414.777, 35.473, 111.361, 24.636, 93.067, 115.181, 119.814, 71.122, 111.669, 63.092, 67.427, 42.974, 63.867, 106.534, 11.961, 44.021, 8.578, 5.076, 25.409, 13.681, 49.909, 50.456, -0.656, -3.214, 5.45, -6.657, 0.635, 1.546, 3.851, 2.81, 0.166]
614.04,[186.662, 118.798, 55.963, 353.277, 100.105, 524.389, 415.657, 34.798, 111.31, 24.808, 92.906, 114.649, 119.93, 71.271, 111.877, 62.931, 67.79, 43.023, 63.766, 106.536, 12.023, 44.078, 8.444, 5.088, 25.515, 13.809, 49.953, 50.794, -0.779, -3.221, 5.319, -6.64, 0.711, 2.169, 3.928, 3.135, 0.26]
614.04,[184.03, 122.303, 56.567, 354.266, 103.3, 522.279, 414.928, 35.622, 110.835, 25.12, 93.15, 114.746, 119.706, 71.402, 111.835, 62.855, 67.683, 43.129, 63.903, 106.495, 11.947, 43.904, 8.649, 4.971, 25.653, 13.697, 50.359, 49.987, -1.003, -3.155, 5.57, -6.642, 0.496, 1.82, 3.916, 2.702, 0.139]
614.04,[186.475, 113.401, 56.816, 347.397, 103.539, 520.032, 412.912, 35.225, 111.6, 24.469, 93.535, 114.433, 119.85, 72.647, 111.762, 62.811, 67.214, 43.064, 64.556, 106.245, 12.103, 44.237, 8.687, 4.969, 25.24, 14.028, 50.0, 49.967, -1.283, -3.478, 5.487, -6.645, 0.709, 1.067, 3.732, 2.849, -0.032]
614.05,[186.242, 118.262, 56.622, 351.827, 101.178, 523.323, 414.754, 35.506, 111.35, 24.652, 93.059, 115.18, 119.795, 71.111, 111.665, 63.063, 67.426, 42.993, 63.898, 106.532, 11.963, 44.021, 8.58, 5.077, 25.418, 13.676, 49.912, 50.532, -0.844, -3.214, 5.436, -6.66, 0.641, 1.527, 3.863, 2.848, 0.179]
614.06,[184.48, 117.847, 56.862, 353.408, 103.691, 520.3, 415.288, 35.18, 110.963, 24.553, 92.954, 114.982, 119.815, 72.006, 112.175, 63.079, 67.729, 42.879, 64.078, 106.583, 11.92, 43.973, 8.388, 4.69, 25.541, 13.518, 50.0, 50.0, -0.903, -3.292, 5.491, -7.188, 0.782, 2.017, 4.07, 2.683, 0.165]
614.06,[184.429, 117.802, 56.874, 353.381, 103.781, 520.051, 415.298, 35.094, 110.966, 24.533, 92.963, 115.014, 119.814, 72.004, 112.186, 63.085, 67.723, 42.864, 64.082, 106.592, 11.92, 43.969, 8.382, 4.693, 25.539, 13.505, 50.0, 49.995, -0.903, -3.283, 5.492, -7.207, 0.778, 1.967, 4.077, 2.672, 0.162]
614.06,[186.46, 124.711, 55.712, 354.974, 104.649, 523.428, 421.406, 35.847, 110.66, 24.867, 93.004, 114.935, 119.782, 71.022, 111.834, 63.281, 67.732, 43.057, 63.87, 106.721, 11.968, 44.008, 8.484, 5.005, 25.464, 13.938, 50.992, 49.939, -1.156, -2.942, 5.403, -6.539, 0.609, 1.709, 3.835, 2.846, 0.186]
614.06,[184.48, 117.847, 56.862, 353.408, 103.691, 520.099, 415.352, 35.078, 110.975, 24.553, 92.963, 115.017, 119.815, 72.006, 112.175, 63.079, 67.718, 42.867, 64.078, 106.583, 11.92, 43.973, 8.384, 4.7, 25.541, 13.508, 50.004, 50.004, -0.905, -3.28, 5.491, -7.195, 0.775, 2.009, 4.07, 2.683, 0.165]
614.08,[186.208, 117.497, 56.939, 351.483, 104.136, 523.008, 416.18, 35.185, 111.402, 24.471, 93.098, 115.181, 120.05, 71.005, 111.692, 63.429, 67.455, 42.724, 63.565, 106.545, 11.844, 44.025, 8.579, 4.948, 25.374, 13.615, 49.9, 50.507, -1.022, -3.303, 5.57, -6.679, 0.712, 1.475, 3.696, 2.729, 0.013]
614.08,[184.11, 120.486, 56.99, 352.81, 102.703, 521.807, 418.543, 35.397, 110.947, 24.95, 93.014, 115.089, 119.749, 71.592, 111.841, 62.706, 68.063, 43.066, 63.657, 106.314, 11.942, 43.981, 8.538, 5.012, 25.557, 13.599, 50.135, 49.973, -0.989, -3.168, 5.335, -6.618, 0.584, 1.994, 3.963, 2.686, 0.034]
614.08,[186.208, 124.456, 55.418, 351.72, 101.295, 525.823, 418.643, 35.249, 110.685, 24.043, 92.653, 115.244, 120.006, 72.957, 111.791, 62.643, 66.782, 43.212, 64.017, 106.741, 12.021, 43.857, 8.484, 5.027, 25.307, 13.554, 49.979, 49.891, -0.846, -3.203, 5.41, -6.616, 0.796, 1.206, 3.882, 3.079, -0.11]
614.08,[186.238, 118.444, 56.586, 351.78, 101.15, 523.316, 414.632, 35.52, 111.351, 24.647, 93.053, 115.18, 119.796, 71.05, 111.665, 63.063, 67.424, 42.996, 63.9, 106.531, 11.976, 44.02, 8.58, 5.086, 25.418, 13.666, 49.9, 50.508, -0.792, -3.205, 5.433, -6.662, 0.617, 1.516, 3.863, 2.842, 0.186]
614.08,[184.26, 120.581, 56.913, 352.586, 102.674, 521.995, 418.394, 35.527, 110.905, 24.904, 92.989, 115.088, 119.767, 71.748, 111.817, 62.691, 67.984, 43.051, 63.679, 106.329, 11.945, 43.95, 8.52, 5.006, 25.534, 13.613, 50.12, 50.0, -1.028, -3.17, 5.354, -6.618, 0.592, 1.916, 3.968, 2.725, 0.031]
614.09,[185.847, 118.085, 57.081, 353.687, 99.091, 523.399, 417.41, 34.766, 111.744, 25.852, 93.101, 115.027, 120.0, 70.608, 111.937, 62.865, 68.426, 42.815, 63.814, 106.268, 11.962, 44.192, 8.489, 5.093, 25.59, 13.72, 50.0, 50.0, -1.06, -3.017, 5.443, -6.639, 0.577, 3.375, 3.704, 2.155, 0.363]
614.09,[184.317, 119.233, 56.574, 353.586, 103.503, 520.821, 415.171, 35.31, 110.945, 24.746, 93.003, 114.923, 119.798, 71.736, 112.079, 63.015, 67.718, 42.962, 64.001, 106.583, 11.93, 43.944, 8.447, 4.78, 25.574, 13.561, 50.122, 49.991, -0.935, -3.246, 5.504, -7.03, 0.69, 1.883, 4.02, 2.713, 0.187]
614.09,[186.106, 121.193, 56.424, 353.691, 101.969, 522.633, 416.691, 36.123, 111.435, 24.423, 92.647, 114.956, 120.024, 71.932, 111.768, 62.929, 67.283, 43.013, 64.55, 106.674, 11.971, 44.177, 8.555, 4.982, 25.442, 13.938, 50.01, 49.978, -1.609, -3.314, 5.424, -6.635, 0.731, 1.258, 4.007, 2.932, -0.096]
614.09,[186.822, 122.306, 55.317, 352.572, 101.555, 524.367, 414.582, 35.552, 111.342, 24.49, 93.036, 114.908, 120.447, 71.989, 111.457, 62.753, 67.161, 42.993, 63.942, 106.819, 12.007, 44.603, 8.592, 5.244, 25.412, 13.874, 51.008, 50.006, -1.182, -2.962, 5.234, -6.692, 0.636, 0.585, 3.799, 3.048, 0.033]
614.10,[184.005, 118.222, 56.573, 353.456, 102.978, 517.788, 415.087, 35.152, 111.014, 24.737, 93.154, 115.111, 119.843, 71.697, 112.053, 63.015, 67.749, 42.965, 63.825, 106.286, 11.953, 43.899, 8.443, 4.785, 25.511, 13.612, 50.144, 49.984, -0.782, -3.25, 5.526, -6.661, 0.637, 3.299, 3.823, 2.647, 0.052]
614.10,[186.583, 118.378, 55.852, 352.18, 100.115, 525.798, 414.861, 35.292, 111.334, 24.557, 92.816, 114.481, 119.905, 71.033, 111.962, 62.969, 67.891, 42.974, 63.721, 106.675, 12.052, 44.039, 8.453, 5.067, 25.452, 13.823, 49.937, 51.074, -0.705, -3.25, 5.28, -6.642, 0.711, 1.545, 4.017, 3.124, 0.291]
614.10,[185.731, 118.912, 56.616, 352.27, 98.846, 522.673, 418.131, 35.989, 111.471, 24.747, 93.055, 115.226, 119.721, 71.868, 111.683, 63.181, 67.366, 43.036, 63.925, 106.562, 11.957, 44.244, 8.385, 5.047, 25.416, 13.553, 50.021, 49.685, -0.716, -3.312, 5.424, -6.635, 0.648, 0.718, 3.82, 2.832, 0.136]
614.10,[184.735, 117.226, 58.246, 352.472, 102.707, 520.981, 415.698, 35.77, 111.073, 24.484, 93.348, 115.197, 119.683, 71.305, 111.967, 63.263, 68.132, 42.969, 63.905, 106.199, 11.948, 44.086, 8.63, 4.887, 25.501, 13.519, 49.925, 49.951, -0.938, -3.405, 5.572, -6.842, 0.621, 1.863, 3.99, 2.597, 0.02]
614.11,[184.083, 122.161, 56.451, 354.221, 102.927, 522.424, 415.41, 35.97, 110.865, 25.269, 93.136, 114.749, 119.702, 71.317, 111.833, 62.852, 67.698, 43.145, 63.901, 106.487, 11.946, 43.905, 8.636, 4.971, 25.651, 13.693, 50.366, 49.987, -1.018, -3.145, 5.57, -6.64, 0.494, 1.849, 3.914, 2.716, 0.146]
614.11,[185.219, 120.522, 57.028, 353.246, 102.906, 520.75, 416.45, 34.798, 111.114, 24.857, 92.994, 114.961, 119.851, 71.9, 111.878, 63.128, 67.685, 42.958, 63.858, 106.557, 11.951, 43.969, 8.404, 4.832, 25.52, 13.534, 50.1, 49.953, -0.935, -3.269, 5.481, -6.955, 0.763, 1.954, 4.018, 2.603, 0.134]
614.11,[183.079, 116.976, 57.778, 354.055, 103.193, 519.102, 415.179, 36.514, 110.934, 24.365, 93.158, 115.012, 119.664, 71.484, 111.752, 63.27, 67.801, 43.001, 63.902, 106.424, 11.934, 44.119, 8.555, 4.969, 25.619, 13.52, 50.0, 49.927, -1.074, -3.198, 5.54, -6.655, 0.496, 2.54, 3.871, 2.366, 0.142]
614.12,[185.96, 124.261, 55.486, 350.394, 103.405, 523.083, 416.332, 34.97, 111.474, 24.511, 93.214, 115.192, 120.0, 71.901, 111.711, 63.402, 67.452, 42.731, 63.517, 106.571, 11.797, 44.027, 8.564, 4.972, 25.313, 13.844, 50.0, 49.899, 0.803, -3.304, 5.64, -6.608, 0.826, 1.876, 3.714, 2.465, -0.053]
614.12,[185.861, 123.717, 54.943, 352.998, 102.547, 521.727, 422.247, 35.261, 111.396, 25.832, 92.624, 115.123, 119.914, 73.409, 111.86, 63.1, 67.575, 43.062, 63.463, 106.863, 11.994, 44.77, 8.467, 5.084, 25.504, 13.561, 50.202, 49.838, -0.964, -3.267, 5.276, -6.553, 0.737, 0.26, 3.749, 3.614, 0.239]
614.12,[185.685, 120.592, 58.457, 349.935, 102.772, 523.001, 415.956, 34.928, 111.529, 24.367, 93.148, 115.007, 120.026, 70.725, 111.657, 63.419, 67.343, 43.142, 63.805, 106.227, 11.993, 44.009, 8.604, 4.995, 25.523, 13.762, 50.025, 49.93, -0.919, -3.488, 5.637, -6.668, 0.682, 1.907, 3.773, 2.578, -0.05]
614.12,[184.576, 117.524, 57.534, 352.944, 103.264, 520.499, 415.49, 35.419, 111.018, 24.509, 93.149, 115.102, 119.751, 71.667, 112.081, 63.17, 67.92, 42.915, 63.997, 106.403, 11.933, 44.025, 8.502, 4.786, 25.521, 13.512, 49.964, 49.974, -0.92, -3.342, 5.53, -7.031, 0.702, 1.917, 4.035, 2.636, 0.094]
614.12,[185.163, 122.105, 57.324, 347.958, 103.761, 524.719, 412.28, 37.51, 110.803, 23.95, 93.023, 114.899, 119.907, 72.361, 112.0, 63.105, 67.035, 44.333, 63.941, 106.67, 11.999, 43.978, 8.317, 5.058, 25.441, 14.197, 49.898, 50.702, -0.698, -3.182, 5.492, -6.662, 0.788, 0.52, 4.041, 2.933, 0.0]
614.12,[187.057, 119.614, 55.602, 354.036, 103.867, 525.339, 415.532, 34.383, 111.96, 24.54, 93.142, 114.202, 119.871, 71.098, 111.641, 62.663, 67.186, 43.014, 64.036, 106.868, 12.044, 43.963, 8.245, 4.939, 25.403, 13.669, 50.582, 49.833, -1.301, -3.181, 5.173, -6.613, 0.642, 2.03, 3.882, 3.113, 0.04]
614.12,[187.754, 123.212, 56.232, 354.159, 98.261, 523.92, 418.061, 35.413, 111.047, 24.906, 93.149, 114.932, 119.853, 71.825, 111.473, 64.255, 67.082, 43.051, 63.719, 106.405, 12.011, 44.016, 8.454, 4.986, 25.444, 13.617, 49.933, 50.067, -0.783, -3.241, 5.307, -6.626, 0.579, 2.071, 3.827, 2.57, 0.5]
614.13,[185.338, 125.496, 55.67, 348.197, 104.24, 525.842, 414.274, 35.629, 111.217, 24.241, 93.156, 114.832, 119.977, 71.112, 111.979, 63.251, 67.537, 43.323, 63.628, 106.597, 11.915, 43.898, 8.47, 5.001, 25.549, 14.129, 50.266, 49.868, 0.014, -3.278, 5.634, -6.649, 0.793, 1.467, 3.919, 2.538, 0.059]
614.13,[185.688, 121.481, 54.681, 355.752, 102.148, 520.246, 420.783, 34.118, 111.124, 24.657, 93.082, 115.523, 119.859, 72.393, 110.83, 63.049, 67.214, 43.148, 63.467, 106.684, 11.911, 44.599, 8.536, 4.988, 25.445, 13.492, 49.946, 49.943, -0.996, -3.272, 5.446, -6.646, 0.697, 0.635, 4.139, 2.831, -0.001]
614.13,[184.621, 117.54, 57.527, 352.904, 103.199, 520.58, 415.474, 35.43, 111.027, 24.512, 93.151, 115.107, 119.75, 71.644, 112.068, 63.17, 67.913, 42.918, 63.992, 106.402, 11.935, 44.026, 8.506, 4.796, 25.518, 13.516, 49.961, 49.987, -0.917, -3.34, 5.529, -7.018, 0.698, 1.906, 4.03, 2.64, 0.094]
614.13,[184.041, 120.761, 56.231, 353.825, 103.131, 521.677, 414.739, 35.562, 110.922, 25.007, 93.057, 114.8, 119.778, 71.399, 111.959, 62.924, 67.715, 43.082, 63.91, 106.56, 11.94, 43.903, 8.528, 4.878, 25.629, 13.61, 50.238, 49.989, -0.966, -3.208, 5.521, -6.83, 0.577, 1.814, 3.958, 2.75, 0.224]
614.13,[184.173, 119.379, 57.288, 351.823, 102.275, 521.445, 421.759, 35.355, 110.965, 24.775, 92.895, 115.386, 119.798, 72.08, 111.852, 62.606, 68.348, 43.019, 63.479, 106.183, 11.943, 44.036, 8.488, 5.05, 25.481, 13.535, 49.975, 49.967, -0.98, -3.181, 5.135, -6.59, 0.661, 2.153, 4.016, 2.704, -0.057]
614.14,[186.468, 122.6, 56.205, 353.407, 104.419, 524.596, 416.463, 38.063, 110.777, 24.074, 93.071, 115.425, 119.916, 72.518, 112.203, 63.971, 67.108, 42.612, 63.889, 106.907, 11.999, 44.66, 8.221, 4.889, 25.409, 13.77, 50.0, 50.0, -1.213, -3.231, 5.291, -6.509, 0.638, 0.634, 3.396, 3.748, -0.163]
614.14,[189.384, 122.247, 56.299, 355.238, 101.837, 522.997, 417.511, 35.283, 111.679, 24.955, 92.817, 114.602, 119.872, 71.311, 111.608, 62.912, 67.605, 43.123, 63.664, 106.154, 12.0, 43.932, 8.428, 4.926, 25.407, 13.621, 49.99, 50.003, -1.414, -3.192, 5.553, -6.803, 0.738, 2.408, 3.928, 2.544, 0.303]
614.14,[185.715, 122.163, 56.649, 353.123, 103.273, 521.021, 415.557, 36.591, 111.42, 25.033, 92.949, 115.383, 119.877, 73.516, 111.691, 62.754, 67.525, 42.937, 63.496, 106.471, 11.995, 44.283, 8.457, 4.976, 25.325, 14.118, 50.44, 49.968, -1.107, -3.349, 5.655, -6.611, 0.717, 0.686, 3.952, 2.856, -0.052]
614.14,[186.156, 121.062, 57.191, 353.07, 98.505, 528.757, 417.13, 34.961, 110.812, 25.829, 93.108, 114.827, 119.941, 71.096, 111.77, 63.239, 68.974, 42.572, 63.617, 106.861, 11.412, 44.06, 8.48, 5.082, 25.683, 13.639, 50.0, 50.0, -0.975, -3.621, 5.418, -6.64, 0.796, 2.209, 3.331, 2.562, 0.224]
614.14,[186.614, 121.613, 55.873, 354.214, 100.487, 522.132, 415.846, 34.022, 110.851, 25.1, 93.08, 115.142, 119.939, 71.72, 111.649, 62.838, 67.194, 43.351, 63.944, 106.37, 11.979, 44.053, 8.388, 5.114, 25.538, 13.875, 49.976, 49.962, -0.536, -3.16, 5.504, -6.646, 0.702, 2.95, 3.799, 3.071, 0.06]
614.15,[186.593, 121.932, 56.589, 353.291, 102.461, 523.602, 416.914, 34.642, 111.496, 24.951, 93.097, 114.609, 119.878, 71.498, 111.467, 63.022, 67.319, 43.046, 63.765, 106.721, 12.025, 43.958, 8.417, 4.975, 25.45, 13.475, 50.134, 49.849, -1.114, -3.229, 5.369, -6.634, 0.694, 1.963, 3.93, 2.803, 0.232]
614.15,[184.038, 121.759, 56.646, 353.943, 103.193, 522.224, 414.846, 35.444, 110.927, 25.152, 93.152, 114.747, 119.692, 71.031, 111.828, 62.822, 67.736, 43.12, 63.862, 106.464, 11.942, 43.918, 8.595, 4.968, 25.644, 13.671, 50.32, 49.979, -0.999, -3.153, 5.564, -6.65, 0.496, 1.811, 3.902, 2.666, 0.139]
614.15,[186.52, 120.768, 56.485, 348.515, 100.016, 524.892, 409.877, 35.479, 110.302, 24.947, 93.185, 113.984, 119.878, 72.217, 111.604, 62.846, 68.434, 42.682, 64.085, 106.797, 12.032, 44.089, 8.665, 5.096, 25.312, 13.517, 49.964, 49.908, -0.873, -3.386, 5.678, -6.615, 0.817, 1.526, 3.907, 2.81, -0.142]
614.15,[184.18, 120.971, 56.21, 353.835, 103.165, 521.755, 415.016, 35.572, 110.918, 25.003, 93.051, 114.811, 119.779, 71.412, 111.948, 62.93, 67.713, 43.08, 63.901, 106.572, 11.942, 43.914, 8.525, 4.885, 25.616, 13.63, 50.269, 49.987, -0.973, -3.201, 5.518, -6.816, 0.582, 1.781, 3.951, 2.762, 0.217]
614.15,[185.425, 124.99, 55.689, 350.094, 100.778, 525.167, 413.03, 35.273, 109.967, 24.324, 92.675, 115.163, 119.95, 71.576, 111.627, 62.842, 66.856, 44.009, 64.148, 106.829, 12.046, 43.898, 8.533, 5.063, 25.216, 14.083, 49.892, 49.834, 0.611, -3.189, 5.729, -6.668, 0.775, 1.381, 4.016, 2.767, -0.26]
614.15,[186.349, 121.902, 55.848, 349.462, 102.279, 524.621, 416.312, 37.358, 110.307, 24.26, 92.631, 115.083, 120.019, 73.928, 111.491, 62.485, 66.869, 42.842, 63.986, 106.538, 11.986, 43.513, 8.268, 4.932, 25.216, 13.808, 49.902, 50.375, -1.578, -3.204, 5.625, -6.614, 0.706, 0.826, 4.043, 3.266, -0.012]
614.15,[184.807, 117.723, 56.607, 354.476, 103.263, 519.5, 415.502, 34.179, 110.911, 24.681, 93.264, 115.892, 119.66, 71.581, 111.821, 63.234, 68.191, 42.854, 63.899, 106.578, 11.87, 44.038, 8.723, 4.968, 25.646, 13.583, 49.876, 50.043, -0.944, -3.2, 5.548, -6.699, 0.426, 1.776, 3.9, 2.304, 0.182]
614.15,[184.826, 117.834, 56.616, 354.458, 103.26, 519.494, 415.542, 34.174, 110.916, 24.683, 93.261, 115.883, 119.662, 71.59, 111.814, 63.233, 68.18, 42.857, 63.894, 106.578, 11.871, 44.036, 8.719, 4.969, 25.644, 13.582, 49.882, 50.038, -0.945, -3.199, 5.548, -6.698, 0.431, 1.772, 3.902, 2.306, 0.179]
614.16,[186.498, 121.997, 55.772, 349.239, 102.251, 524.809, 416.163, 37.489, 110.264, 24.214, 92.606, 115.082, 120.037, 74.083, 111.468, 62.471, 66.79, 42.827, 64.008, 106.553, 11.989, 43.482, 8.25, 4.927, 25.193, 13.822, 49.886, 50.402, -1.617, -3.206, 5.644, -6.614, 0.715, 0.749, 4.049, 3.305, -0.015]
614.16,[185.727, 119.45, 56.452, 352.511, 99.056, 524.785, 416.769, 36.354, 110.74, 25.286, 93.067, 113.502, 119.847, 71.986, 111.982, 63.223, 68.789, 43.075, 64.007, 106.58, 11.96, 44.054, 8.603, 5.122, 25.646, 13.764, 49.958, 49.79, -0.703, -4.011, 5.323, -6.65, 0.736, 0.961, 3.826, 3.167, 0.159]
614.16,[185.956, 128.013, 56.256, 347.241, 103.765, 521.088, 412.292, 35.577, 111.113, 24.264, 92.574, 114.047, 120.179, 71.074, 111.957, 62.39, 66.971, 43.365, 64.875, 105.897, 12.15, 44.118, 8.741, 4.955, 25.189, 14.068, 49.755, 49.737, -1.26, -3.386, 5.601, -6.645, 0.751, 0.677, 3.964, 2.871, -0.163]
614.17,[185.073, 123.132, 56.483, 350.652, 104.221, 524.788, 415.126, 35.224, 111.017, 24.356, 93.037, 114.85, 119.89, 71.381, 111.864, 62.985, 67.549, 43.517, 63.765, 106.651, 11.988, 43.84, 8.406, 4.918, 25.641, 13.994, 50.315, 49.862, -1.028, -3.226, 5.533, -6.828, 0.753, 1.421, 4.129, 2.694, 0.134]
614.17,[184.429, 117.802, 56.874, 353.798, 103.317, 520.051, 415.298, 35.094, 110.966, 24.533, 92.963, 115.014, 119.814, 72.004, 111.893, 63.085, 67.723, 42.891, 63.766, 106.587, 11.945, 43.969, 8.552, 4.986, 25.638, 13.505, 50.027, 49.995, -0.903, -3.204, 5.492, -6.612, 0.495, 1.967, 3.906, 2.672, 0.162]
614.17,[186.225, 123.396, 57.057, 353.401, 102.681, 524.364, 425.285, 34.004, 111.44, 25.004, 92.525, 115.206, 120.008, 71.017, 111.802, 62.556, 67.39, 43.092, 63.575, 106.825, 11.989, 44.661, 8.658, 4.875, 25.349, 13.513, 50.116, 49.862, -1.482, -3.283, 5.53, -6.521, 0.74, 0.103, 3.921, 3.702, -0.151]
614.17,[184.474, 117.796, 56.869, 353.624, 103.364, 520.039, 415.274, 35.076, 110.976, 24.556, 92.963, 115.018, 119.814, 72.005, 112.229, 63.082, 67.724, 42.885, 63.696, 106.584, 11.948, 43.975, 8.359, 4.638, 25.541, 13.504, 49.999, 49.996, -0.905, -3.182, 5.492, -7.038, 0.769, 2.004, 4.081, 2.674, 0.162]
614.17,[185.984, 123.764, 55.58, 350.512, 103.212, 523.103, 416.187, 35.017, 111.464, 24.523, 93.2, 115.191, 119.983, 71.829, 111.707, 63.373, 67.45, 42.754, 63.55, 106.568, 11.813, 44.027, 8.565, 4.982, 25.322, 13.829, 49.991, 49.951, 0.666, -3.295, 5.622, -6.613, 0.808, 1.845, 3.727, 2.497, -0.033]
614.17,[186.515, 121.12, 56.415, 349.093, 100.431, 524.761, 410.908, 35.512, 110.334, 24.94, 93.169, 114.069, 119.869, 72.11, 111.625, 62.885, 68.371, 42.715, 64.065, 106.791, 12.026, 44.082, 8.649, 5.088, 25.326, 13.554, 50.056, 49.911, -0.898, -3.346, 5.654, -6.608, 0.799, 1.542, 3.901, 2.813, -0.113]
614.17,[184.094, 122.187, 56.65, 353.86, 102.958, 522.191, 414.585, 35.788, 110.941, 25.171, 93.149, 114.748, 119.693, 71.033, 111.835, 62.863, 67.713, 43.12, 63.889, 106.494, 11.945, 43.905, 8.583, 4.971, 25.654, 13.663, 50.305, 49.978, -1.0, -3.147, 5.566, -6.637, 0.495, 1.866, 3.899, 2.671, 0.136]
614.17,[183.867, 123.749, 56.288, 354.558, 103.004, 521.428, 415.418, 36.13, 110.879, 24.246, 93.131, 114.977, 119.758, 71.434, 111.861, 62.938, 67.968, 42.994, 63.907, 106.412, 11.947, 43.996, 8.545, 5.001, 25.682, 13.656, 49.918, 49.987, -0.941, -3.175, 5.544, -6.583, 0.461, 1.872, 3.994, 2.727, 0.139]
614.18,[186.885, 119.988, 56.278, 354.665, 99.402, 522.353, 417.914, 34.317, 111.374, 25.518, 92.964, 115.124, 119.877, 72.123, 111.637, 62.817, 67.504, 42.997, 63.891, 106.14, 11.925, 44.189, 8.486, 5.017, 25.615, 13.638, 50.192, 50.449, -0.99, -3.14, 5.429, -6.634, 0.616, 4.003, 3.706, 3.167, 0.29]
614.19,[185.651, 119.167, 56.322, 352.413, 99.153, 524.087, 416.705, 36.599, 110.728, 25.19, 93.06, 113.269, 119.83, 72.143, 112.019, 63.221, 68.757, 43.164, 64.076, 106.53, 12.056, 44.053, 8.625, 5.129, 25.64, 13.786, 49.951, 49.753, -0.655, -4.079, 5.307, -6.652, 0.726, 0.742, 3.913, 3.273, 0.147]
614.19,[182.425, 111.947, 55.055, 350.788, 103.193, 515.912, 415.093, 37.076, 111.038, 24.624, 93.176, 115.373, 119.867, 71.971, 111.831, 63.366, 67.582, 42.837, 64.146, 106.646, 11.929, 43.553, 8.621, 4.985, 25.762, 13.253, 49.954, 50.012, -1.4, -3.295, 5.667, -6.64, 0.573, 3.062, 3.767, 2.089, -0.036]
614.19,[187.014, 118.811, 56.765, 351.46, 101.819, 531.685, 416.114, 35.57, 111.499, 26.173, 93.109, 113.96, 119.961, 70.682, 112.429, 63.601, 68.469, 43.101, 64.185, 106.514, 12.102, 44.023, 8.54, 5.13, 25.572, 13.632, 49.803, 50.094, -0.898, -3.81, 5.316, -6.654, 0.736, 2.202, 3.737, 3.115, 0.183]
614.19,[186.245, 124.332, 55.779, 350.545, 101.116, 524.725, 412.611, 35.406, 110.368, 24.396, 92.712, 114.997, 119.968, 71.461, 111.627, 62.846, 66.907, 43.539, 63.98, 106.718, 12.018, 43.936, 8.477, 5.007, 25.262, 14.116, 49.965, 49.876, 0.156, -3.211, 5.597, -6.664, 0.756, 1.082, 3.991, 2.783, -0.047]
614.19,[186.387, 122.969, 55.534, 352.4, 100.829, 523.582, 414.12, 34.544, 110.525, 24.75, 93.014, 115.156, 119.888, 71.53, 111.66, 62.851, 66.934, 43.508, 63.988, 106.563, 12.011, 43.939, 8.362, 5.085, 25.408, 13.964, 49.955, 49.93, -0.157, -3.177, 5.566, -6.656, 0.695, 2.124, 3.902, 2.991, -0.034]
614.19,[185.763, 117.873, 57.1, 353.496, 99.12, 528.605, 416.744, 35.314, 111.498, 26.428, 93.169, 114.858, 119.962, 70.551, 111.911, 63.143, 68.455, 42.994, 63.74, 106.262, 12.022, 44.172, 8.494, 5.093, 25.587, 13.707, 49.999, 49.845, -1.059, -3.594, 5.407, -6.65, 0.611, 3.589, 3.708, 2.255, 0.32]
614.20,[185.765, 117.879, 57.099, 353.501, 99.119, 528.463, 416.762, 35.299, 111.505, 26.412, 93.168, 114.863, 119.963, 70.553, 111.911, 63.135, 68.454, 42.989, 63.742, 106.262, 12.02, 44.173, 8.494, 5.093, 25.587, 13.707, 49.999, 49.849, -1.059, -3.578, 5.408, -6.65, 0.61, 3.584, 3.708, 2.252, 0.321]
614.20,[186.834, 118.617, 56.107, 352.668, 100.34, 528.0, 415.94, 34.885, 111.881, 25.176, 93.152, 114.281, 119.899, 70.955, 112.192, 63.045, 68.219, 43.023, 64.157, 106.701, 12.07, 44.056, 8.513, 5.089, 25.475, 13.704, 49.877, 50.352, -0.61, -3.44, 5.264, -6.64, 0.74, 1.92, 3.938, 3.123, 0.122]
614.20,[187.127, 118.932, 57.178, 350.701, 102.747, 533.998, 416.223, 36.001, 111.26, 26.8, 93.082, 113.759, 120.0, 70.51, 112.578, 63.95, 68.627, 43.15, 64.202, 106.396, 12.122, 44.003, 8.558, 5.156, 25.633, 13.587, 49.756, 49.932, -1.079, -4.043, 5.349, -6.663, 0.733, 2.379, 3.611, 3.11, 0.221]
614.20,[186.309, 124.694, 55.686, 350.146, 100.918, 525.443, 412.009, 35.305, 110.208, 24.334, 92.685, 114.936, 120.0, 71.261, 111.625, 62.868, 66.825, 43.626, 64.055, 106.718, 12.029, 43.885, 8.48, 5.012, 25.245, 14.14, 49.924, 49.861, 0.333, -3.196, 5.603, -6.669, 0.768, 1.136, 4.014, 2.758, -0.05]
614.21,[186.984, 121.478, 56.984, 356.308, 102.428, 521.945, 420.585, 33.285, 111.4, 24.907, 93.048, 115.578, 119.881, 72.845, 110.726, 62.822, 67.157, 43.137, 63.425, 106.744, 11.916, 43.916, 8.55, 4.984, 25.325, 13.63, 50.047, 49.891, -1.01, -3.147, 5.412, -6.619, 0.74, 1.616, 4.042, 2.816, -0.024]
614.21,[184.883, 116.948, 58.906, 352.035, 102.19, 521.428, 415.89, 36.096, 111.124, 24.46, 93.533, 115.285, 119.62, 70.968, 111.862, 63.348, 68.329, 43.02, 63.819, 106.01, 11.962, 44.142, 8.749, 4.98, 25.483, 13.526, 49.889, 49.93, -0.955, -3.464, 5.61, -6.666, 0.545, 1.814, 3.948, 2.561, -0.048]
614.21,[184.883, 116.948, 58.906, 352.035, 102.19, 521.428, 415.89, 36.096, 111.124, 24.46, 93.533, 115.285, 119.62, 70.968, 111.862, 63.348, 68.329, 43.02, 63.819, 106.01, 11.962, 44.142, 8.749, 4.98, 25.483, 13.526, 49.889, 49.93, -0.955, -3.464, 5.61, -6.666, 0.545, 1.814, 3.948, 2.561, -0.048]
614.21,[185.659, 124.566, 55.946, 350.0, 103.822, 524.922, 415.616, 35.15, 111.252, 24.399, 93.135, 114.988, 119.952, 71.476, 111.719, 63.162, 67.463, 43.268, 63.59, 106.623, 11.914, 43.907, 8.491, 4.996, 25.501, 14.013, 50.216, 49.877, -0.196, -3.25, 5.587, -6.642, 0.777, 1.512, 3.938, 2.597, 0.043]
614.21,[185.651, 124.587, 55.955, 349.987, 103.838, 524.97, 415.601, 35.154, 111.247, 24.396, 93.133, 114.982, 119.952, 71.467, 111.719, 63.156, 67.464, 43.281, 63.591, 106.625, 11.916, 43.903, 8.49, 4.997, 25.505, 14.018, 50.222, 49.876, -0.218, -3.249, 5.586, -6.643, 0.776, 1.504, 3.943, 2.599, 0.045]
614.22,[183.549, 117.464, 57.768, 354.178, 103.119, 519.036, 415.527, 36.703, 110.917, 24.366, 93.154, 115.022, 119.694, 71.608, 111.796, 63.255, 67.788, 42.924, 63.914, 106.429, 11.943, 44.123, 8.565, 4.97, 25.622, 13.52, 50.001, 49.927, -1.071, -3.204, 5.54, -6.651, 0.496, 2.595, 3.905, 2.368, 0.141]
614.22,[184.487, 121.315, 56.54, 353.224, 101.771, 522.785, 414.526, 35.724, 110.944, 25.054, 93.015, 114.751, 119.746, 71.009, 111.957, 62.922, 67.951, 43.082, 63.794, 106.473, 11.964, 43.944, 8.559, 5.015, 25.624, 13.781, 50.196, 50.445, -0.828, -3.181, 5.517, -6.642, 0.55, 1.696, 3.943, 2.739, 0.144]
614.22,[186.682, 121.312, 56.412, 353.364, 102.634, 524.19, 416.606, 34.742, 111.542, 24.864, 93.11, 114.523, 119.871, 71.431, 111.468, 62.976, 67.238, 43.04, 63.821, 106.773, 12.032, 43.956, 8.414, 4.96, 25.44, 13.454, 50.106, 49.838, -1.149, -3.226, 5.343, -6.635, 0.683, 1.989, 3.926, 2.885, 0.269]
614.22,[184.149, 122.375, 55.951, 354.507, 102.901, 522.602, 415.89, 35.775, 110.824, 25.205, 93.045, 114.597, 119.741, 71.13, 111.824, 62.847, 67.657, 43.186, 63.841, 106.593, 11.961, 43.938, 8.593, 4.965, 25.666, 13.727, 50.412, 50.017, -1.009, -3.076, 5.539, -6.631, 0.499, 1.71, 3.853, 2.776, 0.21]
614.22,[186.832, 119.933, 56.293, 354.634, 99.52, 522.317, 417.848, 34.356, 111.362, 25.485, 92.965, 115.122, 119.875, 72.13, 111.652, 62.83, 67.509, 42.993, 63.895, 106.153, 11.926, 44.191, 8.482, 5.009, 25.612, 13.636, 50.186, 50.44, -0.989, -3.144, 5.43, -6.645, 0.62, 3.929, 3.717, 3.16, 0.285]
614.22,[184.068, 122.403, 55.91, 354.04, 102.887, 522.525, 414.889, 35.788, 110.897, 25.216, 93.091, 114.719, 119.764, 71.144, 111.84, 62.86, 67.709, 43.178, 63.82, 106.563, 11.951, 43.889, 8.59, 4.972, 25.651, 13.686, 50.391, 49.983, -1.005, -3.164, 5.529, -6.639, 0.494, 1.697, 3.894, 2.802, 0.242]
614.23,[186.065, 118.334, 57.691, 354.285, 99.622, 522.553, 416.527, 35.061, 111.639, 25.494, 93.266, 115.035, 119.925, 70.8, 111.928, 62.946, 68.139, 42.998, 63.837, 106.312, 11.923, 44.136, 8.487, 5.133, 25.586, 13.639, 50.0, 50.0, -1.022, -3.054, 5.523, -6.666, 0.592, 3.238, 3.777, 2.199, 0.301]
614.23,[186.834, 119.943, 56.291, 354.639, 99.493, 522.305, 417.86, 34.333, 111.366, 25.498, 92.964, 115.122, 119.876, 72.12, 111.648, 62.822, 67.509, 42.994, 63.895, 106.149, 11.925, 44.185, 8.484, 5.01, 25.613, 13.635, 50.188, 50.439, -0.988, -3.143, 5.43, -6.646, 0.619, 3.961, 3.714, 3.157, 0.287]
614.23,[183.556, 117.519, 57.778, 354.094, 103.193, 519.102, 415.35, 36.514, 110.934, 24.365, 93.158, 115.012, 119.692, 71.509, 111.796, 63.23, 67.796, 42.925, 63.902, 106.424, 11.942, 44.119, 8.555, 4.969, 25.621, 13.52, 50.0, 49.927, -1.063, -3.204, 5.539, -6.654, 0.496, 2.555, 3.902, 2.366, 0.139]
614.23,[185.435, 119.196, 57.516, 351.652, 99.137, 530.875, 416.223, 36.403, 110.973, 26.749, 93.082, 113.727, 119.883, 70.499, 112.085, 63.717, 68.627, 43.142, 63.59, 106.362, 12.113, 44.101, 8.558, 5.153, 25.601, 13.744, 49.795, 49.925, -0.921, -3.871, 5.299, -6.663, 0.733, 2.282, 3.594, 3.126, 0.31]
614.23,[186.879, 122.603, 56.821, 350.752, 101.407, 519.817, 416.252, 36.442, 111.484, 24.574, 92.84, 115.152, 119.766, 72.805, 111.622, 63.586, 67.3, 42.711, 63.709, 106.691, 11.964, 44.174, 8.493, 4.936, 25.393, 13.948, 49.849, 50.002, -0.905, -3.033, 5.422, -6.61, 0.666, 1.739, 3.892, 3.102, 0.145]
614.23,[184.906, 129.034, 57.474, 349.838, 103.669, 515.576, 415.614, 35.131, 111.065, 24.596, 93.011, 114.731, 119.803, 71.473, 111.937, 63.576, 67.485, 42.934, 63.641, 106.408, 12.033, 43.925, 8.273, 4.992, 25.633, 13.338, 50.518, 49.509, -0.961, -3.188, 5.622, -6.633, 0.705, 1.674, 4.052, 1.993, 0.043]
614.23,[187.231, 118.495, 54.543, 353.427, 100.269, 525.686, 413.335, 34.454, 111.737, 24.549, 92.776, 114.482, 119.876, 71.126, 111.49, 62.696, 66.778, 42.974, 64.263, 106.819, 12.171, 44.077, 8.438, 5.063, 25.39, 13.749, 49.88, 50.514, -0.941, -3.207, 5.247, -6.631, 0.553, 1.743, 3.75, 3.128, 0.324]
614.23,[187.98, 123.82, 55.486, 349.939, 103.405, 521.944, 414.483, 34.97, 111.187, 24.505, 92.666, 115.207, 120.0, 71.678, 111.711, 63.402, 67.221, 42.731, 63.467, 106.571, 12.015, 44.027, 8.504, 4.953, 25.313, 13.732, 50.0, 50.0, 0.803, -3.217, 5.64, -6.608, 0.792, 1.876, 3.836, 2.465, -0.053]
614.23,[184.279, 121.528, 56.403, 354.112, 102.778, 522.432, 415.885, 35.82, 110.874, 25.082, 93.118, 114.704, 119.724, 71.116, 111.831, 62.925, 67.756, 43.158, 63.837, 106.504, 11.961, 43.969, 8.616, 4.968, 25.636, 13.697, 50.33, 50.016, -1.003, -3.137, 5.548, -6.637, 0.507, 1.721, 3.867, 2.747, 0.17]
614.24,[184.263, 121.533, 56.41, 354.123, 102.79, 522.42, 415.89, 35.825, 110.87, 25.089, 93.121, 114.704, 119.723, 71.105, 111.83, 62.924, 67.761, 43.16, 63.838, 106.502, 11.961, 43.969, 8.618, 4.967, 25.638, 13.695, 50.331, 50.004, -1.001, -3.137, 5.55, -6.637, 0.506, 1.726, 3.868, 2.742, 0.17]
614.24,[187.842, 121.095, 57.354, 356.791, 102.272, 521.724, 421.98, 32.552, 111.578, 24.802, 93.059, 115.884, 119.919, 73.351, 110.401, 62.825, 67.022, 43.118, 63.301, 106.776, 11.903, 43.913, 8.54, 4.991, 25.22, 13.596, 49.927, 49.852, -1.009, -3.177, 5.376, -6.616, 0.813, 1.591, 4.1, 2.824, -0.098]
614.24,[184.151, 117.096, 56.482, 354.641, 103.777, 517.222, 413.428, 31.288, 110.852, 24.897, 93.038, 115.122, 119.597, 71.389, 111.686, 63.261, 68.406, 42.619, 63.291, 106.699, 12.028, 44.046, 8.847, 4.967, 25.858, 13.626, 49.651, 49.963, -0.809, -3.234, 5.332, -6.675, 0.638, 1.98, 3.682, 2.437, 0.05]
614.24,[183.778, 117.211, 56.422, 354.762, 103.728, 517.829, 411.158, 31.612, 110.756, 24.322, 93.062, 114.87, 120.003, 71.417, 111.624, 62.848, 68.685, 43.412, 63.304, 106.882, 12.017, 43.918, 8.41, 4.956, 25.806, 13.603, 49.769, 50.031, -0.724, -3.354, 5.299, -6.549, 0.614, 1.133, 3.682, 2.32, 0.105]
614.24,[184.0, 121.538, 56.354, 353.911, 102.825, 522.465, 415.436, 36.071, 110.819, 25.107, 93.128, 114.619, 119.707, 70.937, 111.936, 62.934, 67.82, 43.162, 63.878, 106.479, 11.965, 43.974, 8.624, 4.965, 25.668, 13.702, 50.358, 50.015, -1.0, -3.136, 5.563, -6.638, 0.483, 1.737, 3.851, 2.735, 0.188]
614.25,[186.021, 118.633, 57.172, 352.979, 99.115, 527.234, 416.379, 35.581, 111.383, 26.298, 93.146, 114.346, 119.963, 70.551, 112.015, 63.311, 68.519, 43.028, 63.708, 106.317, 12.036, 44.131, 8.525, 5.125, 25.596, 13.707, 49.971, 50.374, -0.967, -3.464, 5.373, -6.65, 0.677, 2.803, 3.653, 2.663, 0.325]
614.25,[185.733, 121.19, 56.339, 353.606, 104.058, 522.409, 414.812, 37.533, 111.077, 24.157, 93.363, 115.286, 120.095, 71.608, 112.123, 64.0, 67.494, 42.961, 63.907, 106.812, 11.982, 44.443, 8.323, 4.912, 25.478, 13.746, 50.897, 50.092, -1.263, -3.219, 5.33, -6.545, 0.597, 1.263, 3.585, 3.315, -0.077]
614.25,[186.468, 122.6, 56.205, 353.407, 104.419, 523.51, 414.75, 37.891, 111.135, 24.074, 93.42, 115.357, 120.256, 71.636, 112.203, 64.29, 67.4, 42.991, 63.924, 106.963, 11.999, 44.586, 8.221, 4.889, 25.409, 13.848, 51.226, 50.165, -1.35, -3.231, 5.229, -6.509, 0.638, 0.689, 3.44, 3.68, -0.163]
614.25,[185.733, 118.617, 56.339, 352.668, 104.058, 528.0, 414.812, 34.885, 111.077, 25.176, 93.363, 114.281, 120.095, 70.955, 112.123, 63.045, 67.494, 43.023, 63.907, 106.701, 11.982, 44.056, 8.323, 5.089, 25.478, 13.704, 50.897, 50.352, -1.263, -3.44, 5.33, -6.64, 0.597, 1.92, 3.585, 3.123, -0.077]
614.25,[186.079, 118.577, 57.138, 353.11, 99.113, 526.874, 416.395, 35.5, 111.424, 26.254, 93.152, 114.408, 119.971, 70.556, 112.008, 63.271, 68.509, 43.017, 63.719, 106.312, 12.028, 44.134, 8.522, 5.122, 25.595, 13.704, 49.988, 50.419, -0.972, -3.424, 5.38, -6.649, 0.672, 2.855, 3.659, 2.617, 0.327]
614.26,[186.116, 124.595, 55.129, 350.227, 101.24, 525.319, 412.052, 35.17, 110.134, 24.331, 92.934, 115.174, 119.828, 71.303, 111.673, 62.866, 66.624, 43.696, 64.04, 106.794, 12.049, 43.803, 8.33, 5.051, 25.252, 14.071, 49.931, 49.892, 0.298, -3.197, 5.641, -6.668, 0.688, 1.135, 4.025, 2.894, -0.147]
614.26,[185.326, 125.389, 56.321, 349.475, 104.447, 526.789, 415.03, 35.287, 111.035, 24.272, 93.068, 114.778, 119.921, 71.114, 111.731, 62.945, 67.477, 43.795, 63.632, 106.68, 12.017, 43.783, 8.416, 5.011, 25.684, 14.202, 50.447, 49.802, -1.08, -3.203, 5.552, -6.672, 0.744, 1.171, 4.154, 2.699, 0.12]
614.26,[187.557, 124.256, 55.905, 354.219, 104.955, 526.502, 421.551, 35.569, 110.801, 24.868, 93.106, 114.459, 119.832, 71.149, 111.719, 63.189, 67.553, 43.067, 64.042, 106.928, 12.009, 43.988, 8.476, 5.053, 25.374, 13.841, 51.094, 49.865, -1.282, -3.014, 5.346, -6.522, 0.672, 1.756, 3.888, 3.126, 0.365]
614.26,[185.564, 122.324, 56.138, 352.761, 99.381, 520.739, 417.435, 35.965, 111.079, 24.744, 92.752, 115.334, 119.737, 72.568, 111.576, 62.721, 67.275, 43.057, 63.654, 106.721, 11.832, 44.223, 8.409, 4.98, 25.433, 13.981, 49.993, 49.963, -0.561, -3.293, 5.341, -6.636, 0.782, 0.782, 3.806, 2.92, 0.296]
614.26,[185.748, 118.203, 56.986, 353.339, 99.149, 528.523, 416.525, 35.264, 111.462, 26.348, 93.16, 114.861, 119.962, 70.607, 111.903, 63.128, 68.399, 43.022, 63.755, 106.276, 12.023, 44.166, 8.492, 5.091, 25.575, 13.728, 49.995, 49.844, -1.001, -3.581, 5.419, -6.651, 0.615, 3.496, 3.719, 2.27, 0.302]
614.26,[185.358, 125.214, 56.332, 349.593, 104.32, 526.705, 415.066, 35.273, 111.054, 24.308, 93.071, 114.784, 119.924, 71.102, 111.736, 62.943, 67.499, 43.774, 63.637, 106.671, 12.016, 43.792, 8.418, 5.013, 25.682, 14.189, 50.441, 49.827, -1.079, -3.199, 5.549, -6.671, 0.741, 1.223, 4.144, 2.686, 0.126]
614.26,[186.138, 124.694, 55.104, 350.146, 101.187, 525.443, 412.009, 35.175, 110.106, 24.322, 92.934, 115.172, 119.828, 71.261, 111.673, 62.868, 66.601, 43.719, 64.051, 106.802, 12.051, 43.793, 8.326, 5.053, 25.245, 14.073, 49.939, 49.89, 0.333, -3.194, 5.646, -6.669, 0.689, 1.127, 4.031, 2.899, -0.156]
614.26,[183.124, 114.263, 57.3, 354.486, 103.328, 517.113, 414.34, 37.554, 110.856, 24.599, 93.414, 114.744, 119.811, 71.99, 111.957, 63.457, 67.561, 42.508, 63.995, 106.341, 11.907, 43.685, 8.811, 4.993, 25.641, 13.357, 50.517, 49.342, -0.769, -3.293, 5.694, -6.638, 0.456, 3.667, 3.979, 2.005, -0.028]
614.27,[184.867, 118.245, 56.813, 353.844, 103.275, 519.724, 416.112, 34.883, 110.844, 24.426, 92.925, 114.975, 119.646, 71.576, 111.801, 63.238, 67.744, 42.849, 63.691, 106.711, 11.885, 44.032, 8.609, 4.99, 25.663, 13.505, 50.44, 50.059, -0.929, -3.205, 5.558, -6.617, 0.487, 1.452, 3.907, 2.855, 0.176]

   87.3525	:    0.0126
  230.5271	:  456.6904
  338.2728	:  488.9070
  591.8376	:  602.4374
  608.6232	:  607.6999
  631.8165	:  674.4732
  659.3392	:  727.4917
  722.5741	:  745.4745
  800.5147	:  825.7532
  844.1217	:  831.0203
  887.4292	:  892.7321
  976.0092	:  932.8590
 1036.4947	:  949.5721
 1052.4392	: 1073.7050
 1068.7002	: 1083.5782
 1087.3510	: 1204.0557
 1115.9403	: 1231.3067
 1234.0762	: 1241.7884
 1270.9703	: 1336.2822
 1343.8795	: 1422.6704
 1375.8458	: 1517.2233
 1391.1139	: 1544.5562
 1410.8464	: 1704.8347
 1420.9793	: 1936.7914
 1515.8379	: 1965.5762
 1555.9080	: 2008.1249
 2941.5768	: 2014.4808
 3030.1133	: 2055.3362
 3046.7168	: 2192.3654
 3144.3642	: 2197.8068
 3148.2959	: 2272.6535
 3162.6904	: 2691.9104
 3446.7000	: 3047.7169

    0.0001
    1.9811
    1.4453
    1.0179
    0.9985
    1.0675
    1.1034
    1.0317
    1.0315
    0.9845
    1.0060
    0.9558
    0.9161
    1.0202
    1.0139
    1.1073
    1.1034
    1.0062
    1.0514
    1.0586
    1.1028
    1.1103
    1.2084
    1.3630
    1.2967
    1.2906
    0.6848
    0.6783
    0.7196
    0.6990
    0.7219
    0.8511
    0.8842

set im1hb1 183.12
set im1hb2 120.58
set im1hb3 56.99
set im1hb4 352.36
set im1hb5 102.85
set im1hb6 525.40
set im1hb7 414.31
set im1hb8 35.29
set im1ha1 110.69
set im1ha2 24.45
set im1ha3 93.14
set im1ha4 114.57
set im1ha5 119.64
set im1ha6 72.46
set im1ha7 111.95
set im1ha8 63.07
set im1ha9 67.99
set im1ha10 42.97
set im1ha11 63.84
set im1ha12 106.61
set im1hd1 11.91
set im1hd2 43.91
set im1hd3 8.63
set im1hd4 5.09
set im1hd5 25.74
set im1hd6 13.89
set im1hd7 50.36
set im1hd8 51.59
set im1hd9 -0.91
set im1hd10 -3.27
set im1hd11 5.67
set im1hd12 -6.61
set im1hd13 0.44
set im1hd14 1.13
set im1hd15 3.90
set im1hd16 3.40
set im1hd17 0.05
