Generation 118
262.07,[743.611, 467.621, 807.777, 831.196, 350.171, 237.043, 381.515, 989.097, 599.014, 67.073, 96.706, 99.541, 68.206, 155.86, 76.766, 77.652, 41.982, 111.806, 87.048, 184.75, 39.67, 193.03, 102.835, 6.28, 12.066, 15.931, 20.744, 1.593, 6.781, 7.199, 37.858, 0.234, 13.648, 0.665, 0.0, 11.786, 10.898, 28.886, 28.586, 18.285, 21.696]
269.38,[727.911, 427.467, 782.774, 817.432, 379.88, 238.879, 387.989, 966.079, 631.009, 64.17, 90.211, 97.614, 71.292, 151.326, 77.811, 78.473, 43.141, 110.63, 89.133, 172.076, 42.868, 186.967, 95.015, 8.455, 11.603, 14.38, 19.848, 1.86, 9.749, 7.181, 38.222, 0.521, 14.269, 2.074, 0.509, 10.566, 12.131, 30.106, 28.947, 18.842, 23.129]
273.64,[727.49, 423.961, 782.795, 820.921, 380.572, 238.121, 389.388, 964.923, 633.786, 63.383, 90.655, 97.506, 69.638, 151.634, 78.033, 79.093, 42.56, 109.833, 89.579, 172.339, 42.623, 187.269, 95.621, 8.525, 11.728, 14.38, 20.019, 1.649, 9.683, 7.19, 38.247, 0.28, 14.183, 2.045, 0.495, 10.515, 12.022, 30.115, 28.794, 18.759, 23.162]
274.53,[564.966, 170.886, 604.447, 686.87, 631.338, 202.394, 535.136, 819.003, 866.423, 48.098, 76.08, 69.295, 102.522, 102.646, 71.558, 88.887, 57.465, 91.662, 103.306, 75.364, 49.172, 128.123, 31.816, 28.183, 10.085, 4.654, 13.508, 4.019, 30.952, 4.867, 39.447, 4.935, 20.037, 16.834, 11.726, 1.644, 23.285, 39.706, 30.763, 22.088, 35.709]
284.83,[646.91, 251.485, 573.624, 690.094, 652.363, 207.175, 538.806, 845.585, 804.09, 39.774, 80.435, 85.851, 104.474, 102.674, 78.194, 74.548, 47.986, 100.836, 110.885, 70.68, 57.104, 131.871, 36.263, 22.183, 9.618, 9.269, 11.222, 3.236, 29.659, 8.792, 38.228, 1.575, 18.886, 15.344, 9.051, 1.811, 23.276, 39.593, 33.049, 22.175, 35.312]
285.00,[729.148, 434.136, 762.762, 825.826, 357.39, 239.748, 410.872, 962.576, 632.097, 58.672, 95.64, 98.845, 71.212, 146.783, 81.114, 83.558, 39.793, 109.135, 85.074, 164.988, 42.598, 190.781, 97.499, 9.368, 12.063, 13.898, 19.569, 1.826, 9.282, 6.75, 38.784, 0.0, 14.74, 1.155, 1.517, 10.061, 11.941, 29.715, 28.511, 18.028, 23.258]
286.22,[471.001, 595.496, 545.611, 555.384, 577.139, 284.483, 595.74, 854.448, 848.701, 52.119, 93.816, 79.5, 114.395, 114.469, 72.265, 65.554, 59.314, 85.164, 132.789, 43.195, 70.835, 135.488, 36.323, 25.568, 9.532, 4.26, 13.356, 3.242, 21.887, 9.238, 38.0, 6.207, 15.27, 17.102, 7.936, 1.459, 23.58, 30.934, 25.239, 19.642, 33.591]
289.68,[509.87, 623.923, 542.947, 519.274, 590.673, 255.128, 579.626, 822.523, 858.353, 51.381, 92.897, 87.662, 114.368, 111.203, 77.733, 58.557, 51.691, 93.241, 132.979, 44.519, 66.559, 129.527, 36.405, 25.811, 10.577, 6.701, 13.281, 3.453, 23.91, 8.537, 36.232, 5.263, 16.73, 15.716, 8.52, 2.532, 25.827, 32.78, 25.333, 19.111, 34.606]
291.10,[544.323, 348.002, 635.699, 669.665, 665.396, 189.591, 540.986, 809.662, 931.325, 46.216, 78.366, 75.234, 100.883, 114.938, 85.76, 88.282, 56.102, 92.453, 96.785, 74.515, 39.296, 112.999, 54.962, 20.778, 11.973, 3.54, 13.046, 3.664, 27.546, 10.762, 39.18, 5.503, 18.964, 17.955, 10.004, 0.0, 23.697, 37.503, 31.217, 23.813, 38.391]
295.50,[553.966, 175.184, 609.149, 697.697, 635.998, 180.208, 514.173, 821.127, 868.691, 44.229, 54.187, 80.664, 102.796, 107.135, 81.433, 89.708, 58.593, 100.487, 98.324, 61.895, 50.659, 137.198, 35.84, 24.352, 8.743, 4.169, 12.578, 3.442, 31.2, 8.425, 40.0, 1.572, 17.977, 15.774, 10.205, 0.751, 23.925, 37.98, 33.291, 21.499, 37.584]
295.92,[729.359, 417.994, 753.901, 814.686, 375.461, 257.386, 419.997, 975.127, 646.298, 59.21, 96.848, 101.99, 69.483, 148.327, 79.522, 79.537, 36.979, 109.762, 83.243, 160.52, 43.023, 191.038, 95.699, 8.827, 12.127, 14.87, 18.769, 2.753, 9.622, 7.054, 39.279, 1.766, 14.955, 1.227, 1.737, 10.602, 12.618, 30.312, 28.203, 19.512, 22.809]
296.74,[530.895, 227.194, 622.292, 673.675, 631.993, 150.182, 495.456, 847.344, 855.352, 43.487, 55.085, 77.382, 99.36, 111.808, 82.75, 97.864, 63.262, 99.952, 100.924, 76.222, 54.947, 134.089, 28.243, 25.374, 11.659, 0.608, 10.973, 5.212, 32.167, 6.482, 40.0, 5.233, 16.36, 15.747, 8.551, 0.0, 25.449, 40.0, 33.85, 21.154, 33.683]
297.66,[658.948, 433.541, 738.864, 908.643, 959.504, 249.312, 600.59, 797.141, 583.225, 53.712, 54.195, 26.498, 73.472, 145.55, 81.278, 81.029, 34.288, 115.13, 118.862, 119.187, 41.977, 191.704, 100.964, 8.888, 12.674, 15.122, 20.383, 4.02, 0.648, 8.621, 33.392, 2.172, 14.362, 7.78, 12.21, 7.464, 21.965, 35.664, 28.653, 19.715, 29.939]
297.83,[593.046, 198.323, 563.537, 712.929, 630.104, 123.914, 529.173, 799.099, 852.9, 40.447, 53.247, 80.686, 105.652, 109.623, 77.395, 85.139, 49.856, 100.742, 98.79, 59.409, 49.51, 134.819, 31.199, 22.879, 9.469, 5.832, 11.967, 5.433, 29.793, 8.334, 39.829, 0.677, 17.629, 18.414, 10.07, 0.961, 25.248, 40.0, 33.511, 20.677, 38.035]
297.88,[594.827, 216.798, 625.496, 742.853, 646.787, 220.292, 535.442, 806.751, 843.646, 45.458, 53.698, 91.109, 92.756, 119.249, 95.997, 86.517, 65.298, 110.037, 112.202, 81.946, 48.747, 140.891, 38.089, 26.956, 8.643, 2.5, 13.425, 3.714, 31.761, 5.167, 39.27, 1.237, 20.168, 17.106, 13.12, 4.75, 22.463, 38.885, 36.168, 24.507, 38.847]
300.12,[500.734, 790.294, 521.771, 481.278, 608.785, 114.595, 576.263, 764.394, 973.456, 46.426, 109.653, 73.94, 100.964, 117.472, 70.122, 40.252, 47.827, 96.39, 138.573, 58.238, 52.119, 135.339, 24.435, 26.216, 11.698, 6.604, 5.784, 4.295, 27.811, 7.094, 32.174, 3.105, 19.646, 18.569, 9.424, 0.004, 28.797, 34.717, 24.973, 23.809, 36.989]
300.42,[584.79, 115.685, 566.439, 729.08, 613.215, 229.484, 469.275, 829.833, 865.453, 45.018, 51.998, 77.941, 104.073, 109.273, 87.896, 83.424, 56.935, 100.274, 111.173, 67.066, 64.426, 132.798, 32.121, 26.74, 8.296, 4.53, 12.336, 3.475, 32.807, 6.624, 38.671, 2.176, 19.862, 14.481, 11.833, 1.591, 24.128, 38.312, 30.771, 22.9, 37.113]
300.58,[553.987, 638.457, 572.325, 576.517, 653.616, 123.943, 493.542, 726.289, 942.118, 47.849, 88.503, 75.033, 109.604, 98.336, 67.422, 49.166, 56.208, 98.526, 123.804, 52.42, 48.17, 133.575, 24.878, 23.381, 10.492, 4.42, 7.511, 3.746, 26.255, 7.466, 33.724, 4.274, 18.901, 18.328, 11.317, 0.442, 27.888, 34.502, 28.742, 22.447, 38.133]
300.98,[895.186, 486.141, 780.575, 904.531, 362.002, 376.247, 417.705, 917.008, 619.358, 76.96, 108.887, 131.581, 62.878, 147.578, 72.022, 87.213, 40.314, 105.197, 108.789, 172.175, 45.613, 200.0, 96.544, 12.045, 11.378, 14.327, 15.776, 3.504, 6.269, 6.641, 40.0, 0.0, 17.106, 0.0, 4.548, 15.149, 8.354, 25.623, 29.83, 23.076, 20.22]
301.49,[611.706, 170.91, 592.655, 709.908, 654.685, 189.178, 444.535, 861.004, 843.95, 38.798, 66.563, 79.305, 99.852, 134.344, 84.229, 96.072, 82.054, 100.434, 127.019, 55.251, 65.048, 132.559, 41.724, 16.894, 9.287, 3.954, 13.464, 6.715, 40.0, 4.812, 38.674, 6.66, 30.567, 15.127, 10.508, 0.106, 24.336, 38.932, 30.04, 29.525, 40.0]
301.83,[561.104, 656.101, 594.518, 588.977, 657.801, 131.365, 496.077, 726.936, 933.313, 44.128, 87.177, 75.98, 114.306, 98.69, 72.114, 49.271, 53.312, 99.629, 120.528, 51.428, 51.565, 130.18, 23.848, 22.69, 11.006, 4.703, 6.779, 3.71, 26.284, 6.977, 33.793, 4.218, 18.364, 17.835, 11.521, 0.522, 27.735, 34.084, 28.431, 22.639, 37.65]
302.14,[634.234, 100.0, 565.546, 585.67, 719.14, 314.272, 548.726, 867.68, 850.887, 44.67, 64.109, 68.652, 98.592, 108.618, 85.521, 88.373, 75.835, 117.561, 94.714, 86.715, 66.38, 129.138, 35.744, 28.871, 11.314, 1.589, 12.43, 5.965, 29.183, 13.931, 39.379, 5.274, 18.937, 14.211, 8.306, 2.656, 20.625, 36.755, 30.549, 21.426, 32.228]
305.05,[589.186, 479.695, 641.301, 658.738, 663.933, 245.41, 536.553, 839.341, 880.341, 44.611, 63.416, 82.208, 95.457, 107.588, 81.442, 82.117, 53.977, 102.529, 110.515, 70.217, 51.716, 124.081, 31.373, 26.442, 9.547, 3.651, 11.6, 3.942, 30.831, 8.39, 39.196, 4.192, 16.96, 18.09, 10.634, 1.116, 24.754, 31.455, 29.865, 23.206, 37.927]
306.37,[514.62, 296.821, 636.768, 657.032, 651.686, 267.225, 505.066, 821.979, 871.274, 47.964, 65.886, 69.02, 98.025, 98.723, 81.484, 85.224, 66.833, 102.842, 97.914, 74.72, 81.153, 124.493, 24.474, 33.034, 9.387, 1.459, 11.234, 3.827, 31.669, 8.613, 39.536, 7.09, 20.187, 17.761, 10.827, 0.77, 22.646, 33.891, 29.359, 19.46, 35.748]
307.58,[594.615, 101.517, 573.267, 725.364, 607.59, 233.404, 463.196, 827.596, 860.507, 46.03, 42.516, 77.234, 102.185, 108.947, 90.384, 85.558, 57.486, 101.006, 105.222, 68.671, 67.135, 132.04, 32.829, 26.94, 7.749, 4.336, 13.727, 3.366, 34.825, 6.666, 40.0, 2.423, 20.306, 13.38, 11.877, 1.596, 23.67, 37.961, 31.767, 23.274, 36.989]
307.73,[630.247, 216.865, 565.806, 700.548, 714.972, 177.963, 536.479, 827.399, 831.583, 42.0, 43.98, 87.852, 98.795, 112.5, 73.819, 78.89, 70.275, 103.563, 101.053, 63.964, 47.365, 128.78, 45.168, 23.359, 11.045, 0.7, 15.338, 3.767, 28.152, 6.601, 40.0, 0.283, 20.741, 17.75, 7.952, 0.183, 23.674, 40.0, 35.994, 25.482, 39.25]
308.26,[606.411, 193.275, 560.019, 683.325, 674.5, 178.847, 533.394, 807.166, 865.79, 42.797, 57.039, 77.75, 107.328, 102.943, 75.893, 86.238, 80.664, 95.725, 104.766, 58.94, 48.054, 129.834, 46.213, 21.62, 9.732, 2.449, 14.337, 3.019, 29.156, 9.515, 37.797, 1.482, 19.371, 18.521, 10.247, 1.358, 26.365, 39.779, 32.715, 25.378, 37.166]
308.43,[614.222, 183.715, 559.256, 746.92, 661.038, 210.662, 529.238, 840.576, 821.426, 40.161, 75.051, 81.337, 107.861, 110.838, 78.758, 73.179, 48.149, 96.763, 105.758, 59.36, 54.135, 136.438, 43.708, 25.78, 8.959, 5.463, 13.412, 4.0, 30.531, 6.422, 29.424, 0.989, 17.456, 19.769, 9.305, 1.567, 26.104, 40.0, 33.186, 21.1, 36.994]
308.87,[591.857, 290.251, 631.548, 764.392, 715.561, 196.701, 589.875, 794.583, 877.694, 46.589, 61.883, 106.988, 82.551, 128.451, 102.809, 86.521, 79.298, 115.606, 122.578, 85.386, 30.385, 146.065, 39.065, 26.187, 9.011, 0.516, 14.888, 3.842, 28.476, 3.213, 38.98, 1.721, 19.617, 20.356, 12.965, 6.698, 22.45, 39.066, 40.0, 26.033, 40.0]
310.53,[576.444, 171.371, 578.962, 689.167, 613.604, 223.663, 484.135, 824.237, 872.88, 45.783, 53.54, 78.746, 101.458, 108.726, 88.784, 77.493, 55.116, 100.75, 110.921, 65.365, 63.526, 132.553, 32.485, 26.18, 8.698, 5.02, 12.829, 3.412, 32.603, 6.864, 39.249, 2.827, 19.801, 13.827, 11.004, 1.664, 24.157, 37.402, 31.094, 22.873, 36.922]
311.85,[538.873, 217.381, 732.886, 744.07, 502.728, 134.03, 567.477, 804.056, 812.546, 36.646, 74.263, 51.648, 80.768, 117.971, 75.818, 113.526, 37.472, 41.214, 100.667, 88.759, 44.511, 137.853, 28.654, 18.185, 16.563, 0.0, 15.292, 4.484, 35.446, 11.204, 38.144, 8.924, 24.895, 14.501, 3.861, 3.942, 26.115, 35.858, 37.22, 23.872, 30.922]
312.36,[593.207, 178.265, 590.467, 648.365, 738.719, 185.778, 512.402, 813.485, 875.622, 44.157, 45.702, 89.731, 82.719, 119.233, 75.658, 90.916, 81.847, 116.193, 112.763, 65.211, 38.829, 132.365, 44.357, 21.858, 10.3, 0.0, 14.28, 1.493, 23.778, 6.022, 40.0, 2.394, 20.075, 16.89, 7.471, 1.823, 22.974, 40.0, 36.934, 25.77, 38.122]
312.66,[978.83, 402.299, 809.755, 951.489, 362.139, 402.607, 411.643, 994.091, 657.976, 88.329, 79.207, 130.245, 109.732, 137.777, 74.338, 98.076, 45.956, 87.098, 120.308, 89.996, 52.847, 124.046, 91.767, 9.593, 10.673, 6.874, 9.899, 3.304, 36.769, 6.799, 49.404, 1.03, 18.451, 20.579, 7.529, 19.316, 4.23, 27.679, 30.203, 24.538, 43.573]
312.90,[566.681, 142.215, 609.382, 656.281, 676.548, 297.899, 534.372, 839.254, 862.768, 48.187, 59.371, 69.372, 103.405, 101.563, 81.442, 92.667, 69.262, 104.58, 100.069, 78.411, 71.256, 124.894, 34.022, 29.192, 9.543, 0.422, 12.512, 3.737, 30.383, 9.391, 40.0, 5.343, 19.351, 15.306, 12.01, 0.0, 20.561, 37.368, 31.027, 21.901, 35.123]
312.91,[499.305, 514.609, 722.005, 704.441, 611.854, 280.14, 644.013, 806.661, 904.905, 40.303, 88.493, 76.843, 106.212, 106.763, 88.831, 86.598, 56.999, 102.754, 131.44, 71.855, 60.118, 133.345, 33.417, 27.458, 11.333, 13.863, 4.379, 4.171, 43.836, 6.711, 36.971, 4.776, 18.974, 11.895, 7.728, 1.755, 25.041, 28.304, 29.256, 18.094, 37.06]
313.29,[599.15, 192.844, 587.32, 723.843, 617.73, 173.907, 523.798, 810.944, 851.515, 45.245, 52.085, 76.118, 103.898, 112.244, 88.582, 86.159, 47.524, 105.903, 99.424, 72.572, 50.976, 133.005, 20.707, 24.97, 8.989, 4.444, 10.068, 3.485, 31.092, 7.483, 40.0, 1.653, 17.443, 16.215, 9.198, 1.483, 23.67, 38.307, 30.648, 22.291, 37.936]
315.00,[510.943, 107.607, 613.516, 658.143, 665.68, 136.983, 471.348, 847.597, 922.291, 45.022, 55.872, 77.212, 109.089, 93.806, 74.75, 90.772, 72.076, 104.543, 87.216, 65.146, 42.724, 120.761, 39.561, 28.003, 9.834, 0.0, 13.739, 3.212, 38.72, 12.546, 40.0, 4.519, 19.886, 12.145, 9.922, 0.921, 25.459, 36.556, 30.563, 24.544, 34.812]
315.30,[621.38, 184.85, 567.2, 690.571, 698.033, 178.549, 532.742, 814.981, 849.044, 45.697, 49.866, 89.006, 95.397, 115.929, 77.576, 83.181, 68.277, 103.572, 107.957, 62.384, 51.89, 128.129, 43.4, 23.914, 9.182, 2.359, 13.598, 3.074, 28.567, 7.758, 40.0, 0.571, 21.0, 17.695, 8.837, 1.093, 22.201, 40.0, 34.846, 24.844, 37.856]
315.35,[660.557, 178.914, 555.826, 634.71, 707.764, 269.506, 509.375, 814.14, 856.481, 44.992, 58.776, 71.955, 97.707, 100.181, 79.285, 78.59, 50.781, 104.563, 110.315, 82.818, 81.098, 124.938, 43.814, 30.525, 9.408, 3.78, 12.721, 3.438, 29.164, 8.667, 40.309, 5.056, 15.588, 19.698, 11.062, 0.398, 21.976, 33.563, 34.353, 22.285, 38.331]
315.92,[505.67, 669.706, 600.471, 532.837, 619.553, 191.525, 563.019, 810.761, 917.432, 46.784, 92.788, 81.344, 100.766, 109.501, 84.771, 53.385, 52.617, 99.571, 129.82, 57.55, 51.695, 134.886, 30.453, 23.817, 11.445, 7.605, 9.757, 4.142, 25.128, 7.554, 35.389, 4.61, 18.729, 15.371, 8.101, 1.832, 26.13, 35.201, 27.567, 22.249, 36.765]
317.05,[610.062, 409.754, 608.24, 696.39, 616.262, 154.85, 516.52, 815.889, 880.486, 45.712, 64.34, 81.968, 101.689, 112.352, 85.029, 78.396, 61.417, 101.301, 122.77, 64.316, 47.288, 130.63, 37.194, 23.928, 11.334, 0.994, 11.871, 2.995, 29.498, 7.712, 39.886, 3.821, 20.204, 13.473, 8.863, 1.301, 22.668, 35.984, 31.654, 24.857, 38.409]
317.78,[472.406, 191.07, 637.561, 685.381, 694.826, 326.41, 528.223, 879.044, 867.153, 67.986, 64.101, 81.308, 111.39, 122.032, 67.925, 95.221, 73.151, 115.807, 100.663, 86.858, 38.843, 113.995, 66.687, 19.465, 9.131, 0.385, 16.023, 3.45, 32.858, 9.399, 36.669, 5.939, 18.932, 14.27, 10.995, 1.117, 19.891, 34.034, 28.7, 24.244, 34.38]
318.26,[572.568, 215.189, 546.933, 694.992, 674.065, 197.651, 509.301, 843.205, 841.016, 47.304, 57.93, 80.857, 93.706, 111.111, 78.752, 88.722, 49.269, 110.876, 92.859, 57.759, 52.65, 129.571, 42.87, 22.529, 9.424, 9.75, 11.855, 4.762, 27.595, 7.904, 36.956, 0.139, 17.204, 18.133, 13.043, 1.46, 27.203, 35.456, 34.173, 19.614, 38.655]
318.27,[602.85, 125.35, 568.095, 742.224, 644.157, 170.489, 503.316, 830.853, 820.675, 42.247, 53.727, 78.089, 98.258, 107.564, 76.005, 74.068, 45.6, 98.075, 102.286, 62.257, 51.717, 126.697, 37.345, 24.233, 8.432, 4.207, 12.735, 4.894, 31.389, 6.302, 38.763, 1.781, 17.228, 15.04, 10.779, 1.538, 23.457, 37.638, 32.783, 22.15, 38.193]
319.02,[488.985, 796.526, 539.039, 498.158, 625.221, 125.688, 561.628, 780.209, 984.288, 49.275, 103.257, 77.404, 102.773, 114.602, 68.314, 39.052, 47.401, 94.3, 135.14, 55.87, 51.656, 133.585, 28.186, 25.652, 10.844, 6.526, 5.838, 4.105, 26.189, 7.125, 33.233, 3.087, 20.045, 18.026, 9.219, 0.302, 29.095, 35.092, 25.123, 23.324, 37.447]
319.13,[609.55, 283.686, 562.9, 631.581, 666.559, 245.351, 494.301, 840.58, 844.606, 45.376, 59.362, 80.89, 92.018, 110.42, 69.029, 70.993, 60.523, 106.585, 95.429, 54.145, 66.23, 136.861, 35.232, 27.542, 11.297, 1.356, 12.127, 5.365, 30.836, 7.592, 39.06, 6.952, 19.296, 17.289, 10.184, 1.204, 27.484, 39.704, 33.801, 21.404, 37.929]
319.15,[618.799, 236.319, 581.622, 715.631, 692.839, 270.873, 519.27, 829.124, 839.944, 53.399, 53.575, 88.83, 103.271, 110.832, 75.473, 94.638, 67.592, 103.61, 109.557, 76.09, 46.778, 119.294, 57.257, 21.638, 8.591, 3.004, 13.309, 2.458, 26.808, 9.166, 35.71, 1.199, 19.338, 17.053, 11.408, 0.805, 20.858, 37.777, 33.056, 25.679, 35.682]
319.28,[553.838, 647.936, 588.218, 572.149, 652.625, 103.0, 489.4, 732.52, 933.98, 49.233, 86.987, 79.195, 112.597, 96.339, 65.831, 49.48, 56.667, 100.794, 124.588, 49.541, 51.278, 139.29, 20.0, 22.793, 10.747, 4.222, 7.078, 3.92, 26.918, 7.858, 33.944, 4.085, 18.777, 18.392, 10.5, 0.757, 28.303, 34.372, 29.124, 22.298, 37.834]
319.30,[485.118, 624.201, 595.575, 653.249, 506.258, 129.367, 649.305, 808.632, 966.296, 40.646, 100.982, 95.506, 118.656, 131.47, 42.95, 46.586, 54.656, 94.587, 153.887, 53.716, 60.594, 157.556, 20.0, 19.938, 13.277, 0.0, 7.216, 3.826, 34.68, 8.429, 36.955, 1.948, 15.512, 16.589, 7.998, 1.384, 21.203, 38.849, 24.697, 19.571, 38.178]
319.69,[566.557, 352.118, 555.147, 656.665, 667.45, 173.806, 504.203, 805.382, 873.723, 47.481, 67.82, 78.973, 98.849, 106.978, 75.087, 75.925, 51.514, 106.881, 102.87, 56.032, 51.2, 130.867, 37.049, 22.805, 9.769, 8.026, 10.449, 4.433, 27.161, 7.762, 35.91, 1.477, 17.753, 18.196, 12.485, 1.131, 27.424, 35.148, 32.416, 20.531, 38.486]
319.73,[569.108, 401.984, 653.217, 671.262, 612.275, 217.38, 504.234, 783.419, 909.355, 39.734, 50.178, 79.896, 100.714, 102.387, 82.133, 81.032, 54.637, 101.724, 103.282, 62.302, 58.677, 127.26, 27.503, 22.123, 9.461, 10.746, 14.942, 5.907, 30.069, 10.357, 39.318, 10.753, 20.374, 19.677, 5.304, 0.598, 25.173, 37.219, 30.954, 22.15, 35.486]
319.93,[594.375, 267.54, 571.074, 727.768, 614.965, 217.959, 507.366, 840.758, 873.433, 42.241, 57.335, 80.817, 92.392, 115.472, 73.665, 68.103, 51.654, 94.845, 96.697, 59.802, 53.045, 134.291, 37.833, 27.444, 10.932, 5.14, 13.405, 3.505, 30.383, 5.946, 39.125, 1.533, 19.461, 20.369, 10.307, 1.511, 25.96, 39.093, 32.837, 21.534, 39.756]
320.26,[579.486, 186.263, 558.352, 711.727, 627.323, 132.596, 531.895, 759.917, 883.058, 39.761, 56.781, 80.477, 105.505, 115.409, 77.819, 91.776, 50.713, 101.721, 101.331, 58.496, 50.304, 135.001, 31.011, 22.831, 9.745, 5.918, 12.462, 4.021, 28.531, 7.918, 38.948, 0.0, 19.973, 19.007, 9.357, 2.349, 25.27, 40.0, 33.259, 20.064, 37.799]
320.33,[590.369, 209.076, 565.984, 794.372, 650.511, 213.688, 533.85, 710.372, 798.669, 22.505, 64.278, 67.483, 83.07, 103.375, 91.24, 86.648, 57.504, 93.589, 104.021, 63.943, 41.126, 137.461, 26.574, 26.158, 7.87, 5.798, 14.345, 2.338, 27.157, 8.128, 36.477, 0.0, 15.766, 17.507, 5.08, 5.89, 25.655, 40.0, 34.492, 21.217, 38.855]
321.60,[489.373, 435.913, 647.272, 599.473, 786.171, 271.457, 596.464, 835.015, 947.052, 25.972, 48.146, 43.267, 77.415, 143.518, 81.445, 79.79, 59.925, 91.001, 113.687, 86.508, 40.76, 118.632, 43.748, 16.092, 12.803, 2.383, 16.43, 5.16, 30.463, 10.049, 29.995, 2.723, 18.832, 8.06, 9.31, 0.868, 25.761, 36.153, 29.732, 22.696, 39.974]
321.84,[585.151, 341.931, 606.517, 645.088, 586.944, 209.988, 583.061, 810.711, 848.023, 36.3, 74.591, 93.183, 96.758, 110.75, 88.185, 86.022, 68.312, 103.677, 107.365, 76.277, 42.593, 131.309, 40.124, 19.332, 11.554, 1.951, 10.163, 3.847, 45.433, 7.915, 49.081, 1.861, 19.749, 11.888, 9.349, 1.098, 21.753, 44.272, 30.715, 28.198, 36.826]
322.13,[448.808, 878.514, 529.814, 734.325, 624.059, 183.773, 607.41, 782.607, 840.525, 47.782, 109.378, 82.219, 101.924, 110.72, 74.609, 56.251, 48.477, 94.692, 113.324, 62.46, 55.345, 132.271, 40.913, 25.58, 10.192, 6.82, 12.31, 3.509, 27.142, 7.214, 32.351, 2.124, 19.175, 20.353, 8.956, 1.177, 27.272, 35.51, 26.165, 20.994, 36.893]
322.15,[441.437, 523.055, 702.016, 649.96, 603.214, 243.363, 657.341, 790.736, 838.29, 45.37, 108.898, 69.493, 84.33, 100.333, 87.205, 84.129, 58.08, 100.584, 108.77, 79.041, 22.121, 128.459, 46.986, 12.332, 11.512, 11.215, 2.654, 5.229, 40.0, 6.435, 12.947, 4.427, 19.791, 9.023, 9.339, 1.019, 23.406, 27.422, 31.327, 16.533, 36.977]
322.16,[558.218, 622.054, 572.855, 589.877, 654.017, 126.461, 498.741, 733.012, 930.811, 46.828, 86.014, 76.681, 111.437, 98.576, 69.255, 50.766, 55.46, 97.471, 123.574, 53.042, 49.07, 134.052, 24.385, 23.056, 10.527, 4.534, 7.574, 3.489, 26.807, 7.531, 34.021, 4.176, 18.709, 18.19, 11.347, 0.433, 27.872, 34.077, 28.812, 22.259, 38.011]
322.46,[448.029, 1000.053, 528.492, 755.74, 629.245, 270.459, 612.889, 794.241, 866.88, 45.992, 109.44, 88.246, 97.223, 110.731, 79.281, 56.66, 51.254, 92.603, 104.081, 55.524, 57.021, 129.592, 38.209, 25.704, 10.389, 6.739, 12.193, 3.473, 23.809, 7.878, 32.135, 0.758, 15.728, 14.036, 8.602, 2.576, 26.279, 31.47, 25.811, 20.955, 33.732]
322.60,[482.304, 196.652, 672.979, 658.063, 675.935, 283.709, 522.154, 821.888, 845.132, 61.585, 62.161, 79.449, 108.019, 121.759, 72.077, 94.296, 71.511, 112.778, 98.052, 77.657, 41.088, 107.883, 62.726, 20.5, 9.085, 0.608, 14.58, 3.874, 28.94, 9.474, 38.042, 5.663, 19.777, 16.135, 10.731, 0.065, 20.889, 35.136, 29.264, 25.974, 35.322]
322.83,[573.001, 344.386, 650.694, 650.926, 652.088, 183.098, 515.144, 779.398, 883.691, 41.647, 51.276, 75.981, 103.27, 101.26, 83.089, 87.414, 54.545, 104.864, 98.741, 61.934, 57.411, 127.929, 31.318, 24.457, 7.78, 12.174, 13.921, 3.882, 30.495, 8.065, 39.342, 10.107, 18.763, 18.011, 5.696, 0.0, 23.932, 35.886, 31.701, 20.761, 35.133]
323.02,[456.914, 573.284, 618.252, 634.159, 538.962, 100.0, 615.312, 799.353, 999.154, 42.191, 94.512, 97.129, 115.862, 130.887, 40.272, 48.032, 49.216, 97.835, 149.868, 53.867, 71.534, 158.003, 20.0, 19.167, 13.796, 0.0, 6.698, 4.724, 34.819, 7.093, 36.55, 1.873, 15.329, 17.393, 9.27, 1.858, 21.064, 39.835, 25.873, 18.773, 38.835]
323.08,[592.743, 178.703, 591.526, 647.892, 738.764, 185.37, 513.145, 812.577, 876.369, 44.258, 45.74, 89.695, 83.152, 119.248, 75.808, 91.222, 82.251, 116.298, 112.62, 65.525, 38.891, 132.4, 43.855, 21.875, 10.206, 0.0, 14.314, 1.455, 23.826, 6.068, 40.0, 2.389, 20.103, 16.832, 7.478, 1.738, 22.971, 40.0, 36.837, 25.805, 38.088]
323.23,[616.902, 147.286, 557.945, 591.099, 697.698, 219.308, 493.91, 798.718, 845.149, 62.715, 39.339, 80.248, 82.223, 115.599, 78.27, 87.647, 71.269, 106.629, 120.017, 52.113, 39.782, 120.201, 42.387, 27.044, 8.315, 0.181, 15.554, 2.568, 25.538, 5.731, 38.223, 2.998, 21.061, 15.969, 6.18, 0.378, 22.067, 37.622, 34.639, 27.484, 36.143]
323.57,[585.116, 182.225, 575.127, 701.523, 622.572, 201.203, 502.345, 810.883, 864.843, 44.71, 52.979, 80.846, 102.6, 107.279, 85.293, 77.03, 54.749, 100.433, 106.257, 62.278, 59.27, 133.154, 33.619, 24.993, 8.791, 5.357, 13.05, 4.143, 31.524, 7.494, 39.351, 1.971, 19.194, 15.762, 10.679, 1.327, 24.652, 38.452, 31.958, 22.326, 37.392]
323.68,[499.721, 359.037, 598.866, 641.568, 655.595, 228.67, 536.592, 797.16, 868.073, 48.554, 70.766, 81.587, 103.685, 115.598, 79.073, 83.32, 63.618, 105.465, 106.986, 70.04, 42.444, 118.173, 47.688, 22.127, 10.438, 2.512, 12.281, 3.491, 28.129, 9.459, 36.854, 4.489, 19.5, 17.261, 9.656, 0.199, 23.462, 35.102, 29.433, 24.387, 36.401]
323.78,[458.21, 766.087, 600.495, 551.897, 596.48, 158.735, 540.383, 754.385, 986.088, 51.461, 103.687, 78.544, 102.045, 118.3, 72.314, 43.252, 49.784, 105.202, 132.475, 52.075, 62.305, 124.849, 32.327, 26.792, 11.963, 5.917, 3.584, 5.262, 25.772, 6.412, 32.519, 0.0, 21.594, 17.987, 10.226, 2.267, 29.038, 34.106, 25.173, 23.307, 34.641]
324.03,[812.537, 361.397, 853.072, 829.34, 484.828, 248.408, 499.508, 1034.233, 610.5, 57.897, 83.168, 80.509, 75.608, 128.83, 120.989, 69.878, 20.0, 107.457, 82.663, 156.004, 39.393, 189.245, 99.115, 9.415, 12.377, 17.116, 20.995, 3.491, 5.528, 2.623, 40.937, 2.058, 10.593, 0.0, 2.115, 11.756, 8.956, 37.154, 27.301, 10.036, 25.338]
324.06,[645.426, 100.0, 556.302, 731.099, 714.082, 197.372, 547.369, 850.105, 815.428, 46.322, 34.982, 94.203, 87.854, 122.806, 79.755, 96.709, 74.247, 105.145, 102.942, 66.754, 52.02, 127.31, 51.2, 24.402, 8.455, 1.424, 16.319, 2.821, 29.478, 8.07, 42.476, 0.0, 22.051, 17.64, 7.767, 1.321, 19.993, 42.36, 37.405, 25.723, 37.939]
324.34,[462.761, 101.244, 649.829, 851.528, 652.566, 200.099, 737.105, 786.999, 869.743, 22.853, 55.839, 83.312, 98.4, 127.828, 93.146, 98.084, 55.207, 108.779, 112.116, 68.886, 20.467, 86.875, 20.947, 22.775, 11.218, 2.908, 17.735, 8.13, 32.255, 7.91, 43.6, 8.95, 15.211, 13.186, 11.947, 4.569, 17.795, 39.399, 38.033, 27.578, 37.018]
324.89,[482.312, 196.648, 669.607, 658.259, 675.086, 283.6, 521.846, 819.851, 844.412, 61.197, 62.748, 79.112, 108.023, 121.876, 72.149, 94.019, 71.84, 112.781, 98.056, 78.126, 41.351, 107.998, 62.835, 20.461, 9.041, 0.677, 14.572, 3.892, 28.855, 9.411, 37.996, 5.582, 19.778, 16.079, 10.623, 0.0, 20.949, 35.125, 29.276, 26.087, 35.299]
325.55,[529.171, 298.555, 607.088, 674.093, 610.445, 219.512, 529.873, 810.008, 857.225, 41.837, 70.575, 78.748, 97.838, 107.919, 88.491, 83.084, 59.641, 104.478, 112.572, 66.955, 51.44, 133.232, 39.341, 21.588, 9.991, 7.282, 8.746, 3.711, 34.971, 6.383, 29.465, 3.144, 19.154, 12.253, 10.792, 1.958, 23.271, 34.408, 31.318, 21.502, 36.288]
325.64,[537.617, 805.03, 533.65, 534.138, 640.221, 119.141, 498.464, 710.892, 889.206, 46.73, 97.527, 74.552, 113.138, 89.939, 75.952, 52.721, 54.289, 94.581, 139.746, 59.872, 51.416, 133.432, 28.722, 21.048, 10.92, 3.566, 5.659, 3.785, 23.113, 7.925, 32.29, 6.002, 17.731, 19.818, 11.62, 0.164, 26.331, 29.505, 25.99, 22.105, 37.708]
326.12,[679.741, 223.567, 563.749, 696.353, 660.713, 161.576, 551.063, 815.437, 857.638, 37.387, 35.524, 80.84, 92.576, 127.42, 109.574, 76.161, 70.285, 103.674, 105.306, 61.916, 26.552, 129.087, 43.017, 24.076, 9.082, 2.907, 13.572, 3.341, 25.784, 7.745, 40.018, 0.289, 17.658, 17.024, 8.076, 0.805, 24.038, 36.498, 31.805, 26.305, 38.222]
326.55,[629.556, 276.365, 601.24, 698.484, 641.455, 123.436, 529.673, 839.176, 697.175, 42.255, 76.146, 78.322, 102.22, 98.339, 66.239, 71.116, 49.46, 102.745, 107.751, 82.194, 69.399, 135.38, 44.965, 18.426, 10.517, 14.633, 12.209, 6.874, 34.638, 10.244, 37.177, 1.034, 19.623, 13.463, 9.768, 6.251, 20.48, 37.828, 32.215, 20.261, 38.131]
326.57,[512.078, 120.108, 512.601, 865.276, 521.447, 142.27, 706.022, 820.927, 896.995, 36.467, 83.036, 69.523, 118.009, 86.202, 83.537, 80.449, 44.604, 91.804, 121.908, 45.401, 28.227, 124.172, 33.454, 19.319, 8.953, 7.042, 9.999, 1.885, 33.343, 7.215, 38.423, 0.095, 16.03, 20.813, 10.227, 0.0, 30.356, 35.773, 34.264, 24.458, 40.0]
326.69,[602.688, 189.089, 575.591, 694.305, 658.893, 204.893, 507.93, 821.898, 856.205, 43.678, 48.597, 83.209, 100.19, 110.391, 81.803, 78.224, 61.416, 102.378, 106.29, 64.065, 56.353, 131.549, 37.874, 24.891, 9.731, 2.859, 13.982, 3.528, 30.503, 6.735, 39.509, 1.693, 20.255, 15.526, 9.548, 0.811, 23.794, 38.651, 33.303, 24.146, 37.857]
326.95,[633.442, 181.326, 567.002, 713.148, 715.503, 177.314, 532.893, 813.464, 847.038, 45.804, 51.922, 75.769, 99.037, 101.192, 82.273, 81.882, 54.727, 100.288, 110.168, 45.617, 50.341, 125.381, 43.452, 22.171, 9.444, 4.638, 13.222, 4.414, 29.366, 7.985, 40.406, 0.613, 14.471, 19.138, 8.759, 0.985, 23.487, 40.678, 34.027, 22.471, 37.91]
327.52,[567.191, 194.005, 586.548, 690.03, 633.605, 169.053, 513.066, 803.931, 870.411, 42.713, 53.666, 76.563, 102.521, 103.125, 82.347, 86.225, 56.105, 100.788, 100.501, 63.818, 54.897, 130.629, 30.55, 25.195, 9.293, 4.251, 12.465, 4.714, 31.48, 8.282, 40.145, 2.375, 18.48, 16.447, 10.196, 0.791, 24.156, 38.084, 32.232, 21.784, 37.296]
327.76,[642.213, 155.014, 562.808, 702.933, 635.956, 197.294, 507.842, 798.849, 864.16, 41.378, 61.513, 82.326, 100.282, 107.418, 80.659, 88.983, 41.454, 114.834, 100.212, 59.408, 50.508, 102.525, 26.197, 24.654, 8.667, 3.975, 12.673, 3.484, 26.937, 9.224, 39.408, 1.387, 17.98, 16.776, 10.194, 2.132, 22.811, 37.989, 33.663, 22.202, 37.481]
327.90,[490.139, 797.096, 537.571, 495.273, 626.776, 126.292, 564.094, 778.255, 987.548, 49.95, 102.809, 77.364, 103.408, 114.417, 68.636, 39.555, 47.514, 93.772, 135.286, 56.131, 50.855, 132.708, 28.372, 25.477, 10.745, 6.429, 5.823, 3.866, 26.107, 7.137, 33.201, 3.115, 20.106, 17.981, 9.362, 0.266, 29.089, 34.977, 25.259, 23.336, 37.665]
328.02,[564.62, 526.072, 595.304, 623.775, 612.501, 241.102, 511.501, 815.931, 890.474, 44.736, 87.829, 81.509, 100.556, 109.285, 88.46, 43.875, 53.427, 101.909, 120.135, 58.173, 47.88, 135.158, 30.003, 24.08, 11.046, 5.308, 11.033, 4.141, 26.399, 7.684, 40.527, 4.031, 19.78, 13.026, 8.933, 1.334, 22.884, 35.723, 28.402, 22.46, 36.684]
328.04,[590.767, 226.726, 576.343, 705.449, 622.26, 144.675, 526.157, 775.855, 866.484, 42.206, 64.549, 79.167, 105.999, 112.897, 76.66, 87.864, 48.621, 101.277, 103.356, 61.791, 51.184, 136.564, 33.47, 22.083, 9.828, 7.346, 12.388, 3.961, 29.679, 8.043, 38.873, 0.366, 19.849, 17.933, 9.471, 2.389, 23.838, 40.0, 32.713, 20.631, 37.368]
328.19,[563.691, 180.437, 600.048, 686.521, 629.258, 195.067, 537.6, 819.501, 861.883, 47.656, 76.906, 69.283, 103.473, 102.802, 71.893, 88.477, 56.399, 92.511, 104.108, 75.595, 48.889, 126.597, 32.519, 28.401, 10.22, 4.846, 13.472, 3.672, 30.977, 4.665, 39.888, 5.175, 19.921, 16.741, 11.685, 1.54, 22.945, 39.566, 31.008, 21.941, 35.893]
328.49,[579.906, 155.365, 568.04, 693.418, 618.74, 234.709, 478.981, 814.234, 876.39, 42.349, 52.357, 82.172, 100.537, 113.3, 89.736, 79.283, 52.211, 104.379, 111.194, 60.162, 65.815, 133.265, 31.041, 26.137, 8.858, 5.342, 13.158, 3.75, 32.002, 6.706, 38.948, 2.69, 20.191, 12.973, 10.931, 1.994, 24.36, 36.756, 30.447, 23.875, 36.185]
328.53,[546.726, 133.472, 547.156, 689.603, 638.992, 184.496, 563.11, 812.048, 847.91, 43.815, 59.782, 77.642, 106.572, 106.477, 74.608, 86.09, 49.525, 107.84, 111.009, 57.432, 49.493, 124.907, 48.148, 22.133, 8.667, 6.716, 13.522, 4.363, 29.389, 10.08, 36.185, 0.016, 18.79, 18.192, 7.438, 1.734, 24.181, 39.182, 34.938, 17.967, 38.209]
328.78,[693.017, 121.538, 628.584, 689.77, 631.652, 211.786, 515.742, 841.999, 826.393, 34.5, 60.935, 99.845, 96.85, 106.445, 90.712, 89.826, 59.775, 102.249, 94.111, 67.8, 51.44, 134.76, 27.313, 23.61, 10.529, 5.054, 12.654, 2.533, 34.581, 4.313, 40.0, 1.291, 18.062, 18.136, 8.52, 3.592, 22.542, 40.0, 39.011, 21.861, 37.484]
328.83,[587.438, 498.169, 669.182, 635.183, 641.269, 259.022, 537.817, 846.877, 891.7, 46.745, 61.324, 73.576, 91.93, 102.749, 80.631, 84.772, 60.395, 99.026, 100.982, 73.934, 56.174, 128.815, 32.524, 27.771, 9.781, 3.164, 13.212, 4.662, 31.208, 7.689, 39.224, 4.793, 18.961, 16.669, 9.452, 1.353, 24.167, 34.496, 31.872, 22.033, 37.871]
328.85,[592.261, 195.111, 541.868, 683.969, 636.666, 162.167, 527.189, 803.821, 843.547, 40.664, 55.147, 82.033, 106.943, 108.8, 74.866, 87.416, 50.462, 107.709, 98.269, 61.152, 51.008, 128.587, 37.27, 22.798, 9.308, 6.407, 13.493, 4.589, 29.327, 8.397, 38.539, 0.657, 18.266, 17.916, 10.079, 1.933, 24.156, 39.137, 33.915, 19.887, 37.865]
329.10,[606.377, 311.831, 576.582, 586.93, 695.775, 244.599, 528.671, 814.068, 882.285, 44.463, 72.896, 71.443, 104.578, 104.836, 80.414, 73.478, 67.255, 110.731, 104.547, 73.273, 60.737, 129.535, 31.212, 26.517, 11.197, 2.775, 10.277, 5.106, 28.079, 11.282, 37.251, 4.872, 18.719, 15.591, 9.531, 1.843, 23.334, 35.738, 29.742, 21.888, 34.293]
329.11,[474.702, 542.012, 697.856, 661.816, 606.821, 242.44, 613.973, 769.656, 849.069, 38.132, 105.225, 70.805, 97.856, 104.837, 87.766, 87.118, 69.399, 103.456, 110.286, 81.827, 27.66, 134.974, 50.632, 12.102, 11.05, 11.107, 0.622, 5.077, 40.0, 6.828, 12.421, 4.82, 18.734, 9.759, 9.963, 0.605, 21.787, 28.162, 30.82, 17.971, 36.747]
329.43,[591.61, 139.351, 609.883, 751.508, 627.161, 122.629, 526.117, 781.549, 882.49, 41.448, 83.867, 73.681, 104.66, 106.795, 76.004, 79.264, 63.34, 100.144, 119.368, 48.658, 51.221, 131.015, 40.701, 21.976, 8.94, 5.609, 14.273, 2.971, 28.339, 5.615, 40.09, 2.406, 19.95, 17.802, 9.552, 1.272, 22.963, 39.429, 32.659, 22.728, 37.942]
329.52,[593.196, 198.609, 603.25, 745.442, 663.135, 214.523, 528.365, 810.613, 869.349, 46.318, 52.479, 92.541, 92.085, 118.981, 96.776, 86.053, 68.707, 108.517, 114.151, 77.27, 48.229, 139.255, 36.037, 26.553, 8.398, 2.371, 14.324, 3.611, 31.559, 4.889, 39.475, 2.062, 19.952, 16.969, 12.437, 4.221, 23.042, 38.529, 36.002, 24.693, 38.538]
329.80,[596.767, 275.443, 567.262, 731.654, 608.391, 211.43, 509.844, 865.975, 888.685, 41.933, 56.438, 79.757, 93.106, 117.933, 81.108, 66.962, 47.854, 95.289, 97.426, 57.533, 50.821, 136.838, 32.004, 26.145, 10.897, 5.724, 12.208, 4.566, 30.608, 6.867, 38.641, 1.32, 18.799, 20.771, 10.69, 0.931, 26.029, 38.56, 32.401, 20.927, 39.864]
329.90,[769.158, 238.178, 904.621, 818.386, 429.187, 319.747, 532.406, 1000.0, 630.128, 50.03, 90.125, 72.547, 63.451, 156.58, 116.619, 112.218, 20.0, 120.988, 86.052, 184.891, 43.681, 169.342, 134.243, 0.884, 14.274, 16.57, 20.024, 8.924, 5.388, 0.001, 40.0, 0.0, 13.664, 4.478, 3.603, 11.295, 12.281, 28.365, 28.955, 21.787, 15.28]
330.10,[617.871, 165.793, 567.177, 691.794, 732.516, 229.498, 478.258, 816.23, 854.372, 43.375, 61.412, 69.48, 96.847, 97.369, 80.66, 78.87, 54.063, 104.384, 111.464, 66.115, 77.828, 124.197, 44.205, 32.49, 7.94, 6.296, 12.739, 3.445, 30.429, 6.51, 40.177, 3.835, 16.685, 13.115, 11.065, 2.171, 24.082, 38.257, 33.32, 22.211, 36.076]
330.11,[442.559, 552.007, 674.738, 643.722, 602.355, 216.339, 606.412, 796.946, 830.831, 39.154, 102.541, 73.034, 90.691, 101.886, 87.894, 90.263, 70.093, 105.789, 114.836, 81.891, 24.517, 133.444, 53.754, 13.825, 12.787, 10.467, 1.76, 4.174, 40.0, 5.857, 12.315, 4.132, 18.329, 11.604, 10.305, 2.259, 22.012, 29.651, 32.58, 18.066, 36.674]
330.18,[502.132, 765.963, 539.949, 503.446, 629.878, 129.54, 564.171, 783.778, 976.772, 49.411, 99.993, 78.48, 102.725, 114.141, 69.648, 41.134, 49.156, 94.983, 132.993, 56.152, 52.363, 132.628, 29.338, 25.496, 10.612, 6.62, 6.108, 3.906, 26.433, 7.441, 33.381, 3.082, 20.027, 18.09, 9.293, 0.392, 28.829, 35.474, 26.02, 23.308, 37.257]
330.32,[598.117, 133.343, 603.114, 726.191, 641.203, 151.886, 529.569, 794.698, 877.665, 41.94, 80.85, 72.913, 103.734, 107.073, 77.457, 80.655, 65.247, 102.803, 115.604, 54.468, 53.535, 130.728, 39.944, 23.028, 9.302, 4.995, 13.992, 3.428, 28.468, 6.885, 39.981, 2.844, 19.795, 17.254, 9.362, 1.483, 22.606, 39.021, 32.337, 22.529, 37.07]
330.80,[586.943, 247.794, 581.714, 754.124, 676.068, 183.739, 484.741, 790.791, 872.055, 39.816, 56.599, 78.246, 100.035, 98.285, 82.719, 85.615, 50.766, 113.389, 87.574, 67.872, 56.961, 104.823, 20.0, 18.073, 10.288, 7.674, 13.005, 2.108, 31.65, 10.047, 38.16, 6.523, 18.435, 15.913, 9.911, 3.393, 21.707, 37.277, 31.754, 18.289, 39.126]
331.30,[351.505, 627.46, 645.033, 532.131, 636.291, 310.066, 730.554, 716.127, 826.506, 20.0, 72.242, 52.543, 104.053, 132.44, 79.349, 88.848, 90.21, 125.071, 97.794, 79.29, 20.0, 123.774, 48.669, 11.538, 15.875, 15.26, 0.83, 9.079, 43.831, 9.313, 16.157, 6.139, 19.871, 11.994, 8.001, 0.588, 18.937, 23.4, 31.692, 19.018, 37.544]
331.69,[658.948, 433.541, 738.864, 908.643, 959.504, 249.312, 600.59, 797.141, 583.225, 53.712, 54.195, 26.498, 73.472, 145.55, 81.278, 81.029, 34.288, 115.13, 118.862, 119.187, 41.977, 191.704, 100.964, 8.888, 12.674, 15.122, 20.383, 4.02, 0.648, 8.621, 33.392, 2.172, 14.362, 7.78, 12.21, 7.464, 21.965, 35.664, 28.653, 19.715, 29.939]
331.89,[519.555, 335.961, 584.587, 633.022, 648.961, 230.02, 507.0, 830.549, 823.574, 49.458, 83.761, 77.874, 103.18, 118.624, 71.225, 84.566, 49.255, 100.533, 108.148, 69.684, 43.519, 133.729, 47.975, 19.532, 10.323, 7.301, 12.639, 3.694, 30.251, 9.449, 36.504, 3.1, 19.505, 17.41, 9.826, 2.479, 20.774, 39.316, 29.343, 24.038, 36.538]
332.03,[604.398, 193.119, 557.549, 680.645, 672.801, 178.601, 531.698, 802.254, 864.16, 42.32, 56.797, 78.363, 106.113, 102.461, 76.224, 86.897, 80.95, 95.681, 103.863, 58.882, 47.52, 130.317, 46.242, 21.747, 9.845, 2.517, 14.459, 3.097, 29.261, 9.432, 37.835, 1.526, 19.252, 18.48, 10.125, 1.35, 26.245, 39.81, 32.669, 25.121, 37.128]
332.06,[543.538, 564.353, 555.854, 586.73, 654.195, 186.298, 545.49, 799.367, 926.287, 51.381, 82.375, 82.123, 103.351, 112.929, 71.473, 62.416, 55.847, 97.856, 124.607, 64.415, 49.163, 127.141, 40.36, 23.884, 9.851, 5.007, 8.93, 3.281, 26.398, 7.979, 34.243, 2.32, 19.787, 17.596, 10.211, 0.489, 25.673, 36.139, 28.495, 24.308, 36.842]
332.13,[537.617, 183.715, 533.65, 746.92, 640.221, 210.662, 498.464, 840.576, 889.206, 40.161, 97.527, 81.337, 113.138, 110.838, 75.952, 73.179, 54.289, 96.763, 139.746, 59.36, 51.416, 136.438, 28.722, 25.78, 10.92, 5.463, 5.659, 4.0, 23.113, 6.422, 32.29, 0.989, 17.731, 19.769, 11.62, 1.567, 26.331, 40.0, 25.99, 21.1, 37.708]
332.23,[555.813, 644.695, 574.622, 584.049, 653.916, 122.948, 496.168, 730.92, 935.436, 47.056, 87.986, 76.247, 111.536, 98.525, 68.932, 49.135, 55.405, 97.574, 124.9, 53.142, 48.742, 134.113, 24.006, 22.947, 10.613, 4.473, 7.299, 3.392, 26.524, 7.476, 33.72, 4.308, 18.74, 18.074, 11.321, 0.418, 27.989, 33.787, 28.558, 22.285, 37.952]
332.37,[625.707, 796.812, 686.289, 629.713, 628.687, 248.63, 577.816, 867.988, 912.355, 45.447, 58.909, 76.86, 88.073, 108.975, 79.48, 76.479, 51.216, 94.636, 94.559, 71.217, 39.049, 136.297, 37.191, 24.903, 9.949, 4.491, 14.962, 4.968, 31.32, 6.641, 40.0, 3.02, 17.963, 17.046, 7.674, 1.769, 26.84, 34.54, 33.166, 23.361, 40.0]
332.57,[598.246, 206.474, 699.757, 647.594, 673.901, 325.236, 521.941, 799.559, 834.462, 41.232, 57.583, 81.453, 109.433, 103.147, 73.05, 93.527, 44.674, 111.69, 97.707, 62.744, 52.505, 117.46, 40.218, 21.215, 9.303, 3.358, 14.011, 3.423, 29.141, 8.851, 37.587, 0.362, 18.219, 17.169, 10.834, 0.664, 21.07, 33.642, 30.102, 27.595, 37.572]
332.93,[550.046, 152.21, 653.424, 628.225, 648.933, 267.405, 472.657, 832.496, 873.535, 47.72, 63.059, 67.379, 92.961, 94.305, 81.687, 96.004, 70.766, 104.071, 108.302, 74.498, 78.829, 121.605, 21.549, 33.137, 9.742, 0.696, 11.769, 4.736, 31.071, 9.475, 40.0, 7.972, 19.99, 16.989, 10.949, 0.901, 21.965, 34.891, 31.038, 21.24, 35.227]
333.16,[471.355, 552.205, 691.308, 657.621, 593.694, 226.118, 613.679, 811.918, 841.891, 39.415, 107.447, 71.582, 96.497, 104.525, 85.835, 86.844, 68.721, 102.96, 112.538, 85.049, 26.16, 132.551, 52.452, 12.594, 11.925, 11.2, 0.408, 3.95, 40.763, 6.09, 12.633, 3.953, 19.439, 10.641, 9.35, 1.831, 21.814, 28.559, 31.355, 17.565, 36.548]
333.43,[618.745, 217.914, 525.531, 722.631, 636.529, 198.867, 546.18, 806.115, 859.672, 41.716, 62.971, 74.333, 99.58, 109.249, 80.87, 85.922, 45.245, 116.557, 99.974, 67.413, 51.0, 113.818, 26.091, 22.819, 8.533, 7.255, 12.662, 2.308, 28.017, 9.344, 37.851, 2.093, 17.879, 18.499, 10.164, 3.891, 20.96, 38.992, 32.241, 19.2, 36.91]
333.66,[555.567, 621.729, 635.165, 687.723, 638.109, 254.106, 593.964, 844.953, 871.893, 47.918, 81.339, 79.064, 96.331, 108.976, 99.546, 65.767, 54.318, 99.124, 116.632, 64.464, 46.356, 142.092, 39.115, 23.337, 10.745, 4.857, 13.961, 4.489, 30.019, 7.918, 37.361, 1.194, 16.662, 11.166, 7.858, 2.054, 23.528, 33.518, 28.607, 21.758, 36.247]
333.70,[489.416, 233.794, 589.759, 598.799, 676.7, 250.393, 465.121, 812.651, 898.36, 39.445, 53.828, 71.941, 95.741, 93.612, 96.532, 75.301, 67.198, 94.728, 84.252, 64.918, 26.687, 141.779, 49.624, 21.271, 9.603, 3.104, 19.653, 0.0, 40.0, 5.765, 40.0, 0.0, 18.291, 6.274, 8.531, 1.195, 25.215, 34.476, 32.423, 32.112, 37.225]
333.84,[596.422, 639.038, 499.483, 827.239, 510.144, 241.882, 581.708, 760.719, 932.274, 36.82, 61.308, 95.717, 93.28, 126.2, 30.207, 54.348, 95.87, 120.555, 166.244, 64.716, 59.65, 150.185, 39.923, 13.118, 11.963, 3.332, 9.679, 2.846, 32.925, 0.0, 35.283, 5.665, 16.219, 15.083, 9.867, 0.861, 19.921, 39.984, 30.332, 20.398, 48.452]
334.04,[612.584, 211.579, 563.69, 703.74, 641.518, 198.616, 544.754, 785.582, 832.887, 43.136, 52.635, 83.818, 106.709, 103.122, 77.751, 82.48, 54.154, 97.214, 98.58, 59.685, 54.34, 135.252, 37.797, 23.513, 9.301, 6.334, 13.059, 5.491, 30.276, 7.996, 39.526, 1.657, 17.864, 19.293, 11.313, 1.376, 24.9, 38.659, 33.154, 21.793, 37.579]
334.33,[594.652, 421.897, 554.073, 732.431, 734.841, 202.826, 532.601, 815.761, 844.806, 37.934, 69.961, 109.214, 106.492, 122.729, 83.98, 73.808, 33.898, 113.49, 140.338, 58.591, 37.771, 109.272, 27.771, 22.283, 8.815, 5.177, 6.558, 1.689, 29.651, 10.582, 39.109, 2.311, 10.697, 22.537, 14.332, 0.376, 26.593, 21.941, 23.589, 26.874, 38.099]
334.54,[604.139, 198.08, 647.933, 684.231, 669.156, 282.975, 524.632, 814.688, 829.654, 40.837, 64.026, 81.41, 108.853, 105.984, 75.155, 86.021, 45.955, 106.184, 100.677, 61.496, 53.106, 124.46, 41.505, 22.899, 9.176, 4.134, 13.79, 3.635, 29.654, 7.955, 34.576, 0.594, 17.937, 18.128, 10.27, 0.997, 22.927, 35.987, 31.239, 25.199, 37.359]
334.80,[541.229, 325.395, 610.048, 683.295, 614.638, 227.072, 530.196, 804.482, 862.953, 43.854, 70.555, 78.699, 98.211, 118.088, 74.967, 83.211, 64.231, 105.385, 111.231, 67.757, 47.171, 130.731, 45.522, 21.529, 9.948, 8.086, 8.646, 3.764, 29.217, 5.693, 36.855, 3.028, 19.404, 11.978, 10.96, 0.931, 23.466, 35.165, 28.954, 25.422, 36.315]
334.84,[609.88, 430.657, 689.041, 653.372, 642.586, 245.847, 584.405, 870.565, 874.425, 48.89, 67.147, 74.427, 95.88, 108.09, 109.781, 70.366, 55.866, 102.417, 122.971, 68.98, 40.969, 148.405, 39.573, 22.142, 10.925, 3.906, 14.853, 5.002, 33.156, 7.938, 40.0, 1.413, 17.134, 9.717, 7.482, 1.79, 22.138, 34.552, 30.019, 22.163, 37.517]
335.25,[577.095, 169.841, 591.47, 710.516, 603.296, 232.984, 496.383, 835.057, 858.254, 50.399, 53.983, 73.671, 100.546, 105.576, 89.676, 76.866, 54.06, 99.892, 111.453, 58.633, 66.927, 136.122, 31.473, 27.017, 8.334, 3.864, 13.232, 2.561, 32.024, 7.259, 39.215, 1.458, 19.837, 13.203, 11.225, 0.755, 23.455, 37.77, 30.157, 22.882, 37.042]
335.43,[492.974, 542.962, 521.548, 677.448, 612.0, 180.449, 482.827, 758.553, 988.415, 40.527, 72.049, 69.631, 105.561, 98.582, 73.915, 35.424, 44.692, 89.142, 109.967, 69.96, 45.278, 144.164, 32.565, 23.738, 11.192, 2.509, 6.091, 4.79, 36.628, 11.427, 42.736, 3.827, 19.368, 18.321, 9.892, 1.956, 25.074, 33.704, 26.504, 21.97, 37.712]
335.82,[596.033, 681.673, 561.572, 572.38, 634.56, 100.0, 512.34, 713.594, 855.88, 44.433, 82.665, 64.59, 106.149, 93.215, 78.306, 49.444, 55.082, 87.533, 131.943, 41.328, 56.12, 126.898, 23.226, 21.042, 10.347, 6.05, 9.143, 4.306, 29.477, 6.054, 35.884, 1.962, 20.457, 18.605, 11.069, 1.286, 26.685, 29.799, 27.778, 20.849, 35.799]
336.14,[600.894, 104.052, 632.159, 746.213, 643.355, 147.01, 530.698, 790.371, 893.845, 42.545, 93.039, 68.588, 102.211, 106.254, 78.686, 77.448, 72.259, 100.476, 123.825, 51.298, 54.734, 131.744, 41.212, 23.138, 9.299, 4.326, 14.228, 2.878, 28.06, 6.167, 40.665, 3.881, 20.52, 16.939, 9.022, 1.27, 21.871, 38.966, 31.589, 23.782, 36.692]
336.23,[604.821, 350.15, 614.071, 742.009, 686.701, 239.738, 548.967, 867.223, 802.102, 49.942, 48.982, 92.412, 115.913, 99.117, 68.51, 88.405, 79.74, 106.046, 104.969, 68.304, 48.654, 124.146, 30.134, 22.221, 11.572, 8.772, 22.943, 2.739, 27.767, 5.774, 21.624, 0.842, 21.943, 1.612, 5.248, 0.097, 21.951, 40.0, 32.101, 30.118, 40.0]
336.34,[613.753, 180.336, 598.135, 745.648, 659.834, 350.564, 531.315, 842.576, 846.483, 42.364, 59.876, 81.636, 107.774, 111.045, 72.543, 68.415, 46.393, 107.468, 95.921, 61.228, 52.981, 138.437, 40.138, 23.174, 9.013, 6.302, 13.227, 3.842, 30.645, 6.953, 25.837, 1.315, 17.256, 20.189, 10.132, 0.358, 18.902, 37.093, 31.656, 29.285, 37.714]
336.41,[674.365, 114.734, 606.135, 840.954, 772.813, 314.542, 575.558, 763.498, 919.793, 57.943, 70.231, 79.028, 97.604, 95.453, 93.36, 79.258, 52.045, 105.464, 83.671, 83.379, 50.864, 125.503, 29.936, 19.487, 9.104, 0.226, 14.256, 2.322, 39.411, 13.09, 43.913, 0.0, 25.531, 17.8, 8.947, 3.597, 20.84, 35.324, 38.878, 14.631, 34.232]
336.46,[557.189, 668.427, 574.545, 578.5, 654.661, 118.386, 494.459, 726.865, 938.381, 47.283, 90.464, 76.05, 111.961, 98.304, 68.801, 47.482, 55.214, 96.914, 126.431, 52.448, 48.846, 134.683, 22.82, 22.998, 10.685, 4.504, 6.868, 3.366, 25.911, 7.418, 33.456, 4.44, 18.745, 17.995, 11.372, 0.385, 28.205, 33.543, 28.323, 22.256, 37.972]
336.72,[638.644, 268.775, 501.96, 715.348, 675.095, 126.329, 565.741, 774.044, 606.729, 60.544, 97.783, 92.97, 121.306, 116.674, 96.522, 73.184, 85.464, 106.705, 108.484, 51.808, 65.625, 148.015, 54.717, 27.401, 6.209, 12.376, 8.057, 8.95, 25.898, 6.638, 37.765, 1.163, 20.304, 17.564, 3.701, 6.695, 24.378, 45.698, 36.653, 22.315, 42.971]
336.91,[524.544, 381.618, 644.044, 615.068, 759.485, 261.152, 582.523, 836.221, 926.214, 27.445, 50.355, 53.039, 80.772, 137.115, 83.045, 81.523, 59.899, 92.943, 110.306, 83.277, 42.605, 121.418, 40.91, 17.39, 12.41, 2.844, 15.778, 4.707, 31.174, 9.058, 31.723, 2.476, 18.699, 9.8, 9.174, 1.339, 25.205, 36.817, 31.334, 22.552, 39.544]
336.91,[592.477, 550.674, 526.295, 620.974, 676.722, 195.843, 542.401, 880.334, 789.327, 51.533, 65.724, 100.051, 98.204, 114.818, 72.407, 75.897, 54.792, 100.873, 138.911, 65.699, 52.516, 125.792, 60.277, 20.232, 9.236, 8.605, 15.076, 2.911, 22.731, 8.238, 37.737, 2.652, 17.038, 17.73, 10.962, 0.074, 23.66, 34.931, 26.281, 22.696, 34.446]
336.96,[568.817, 148.659, 560.447, 736.203, 658.641, 192.968, 554.865, 877.932, 847.64, 33.98, 49.381, 88.933, 90.898, 124.457, 68.415, 73.348, 57.893, 102.85, 96.739, 53.118, 36.699, 138.417, 30.81, 24.483, 9.673, 5.452, 12.951, 4.063, 26.243, 5.096, 39.668, 0.0, 21.125, 18.551, 10.739, 0.181, 21.802, 39.584, 33.7, 22.297, 37.183]
337.25,[615.394, 414.56, 767.202, 749.532, 635.586, 389.677, 476.497, 782.306, 674.282, 27.714, 62.997, 120.265, 74.988, 142.126, 72.163, 71.427, 48.416, 90.143, 113.152, 85.146, 42.891, 124.684, 106.74, 12.476, 11.153, 3.472, 11.254, 5.296, 28.234, 8.059, 28.117, 0.204, 18.434, 17.323, 9.236, 1.582, 28.939, 23.606, 29.557, 25.083, 45.245]
337.42,[625.995, 730.821, 678.576, 638.035, 625.227, 238.91, 567.207, 861.949, 897.285, 46.162, 63.582, 76.562, 91.018, 108.329, 78.485, 76.269, 49.795, 95.418, 96.881, 71.418, 41.311, 137.107, 37.841, 24.11, 9.972, 5.624, 14.538, 4.786, 31.638, 6.914, 39.793, 2.8, 18.186, 16.651, 8.001, 1.882, 25.683, 35.363, 32.829, 23.229, 39.391]
338.05,[590.504, 376.416, 633.984, 725.462, 681.377, 236.73, 526.72, 855.566, 847.964, 50.901, 47.922, 92.981, 100.425, 98.141, 71.791, 81.013, 69.25, 102.434, 106.664, 65.127, 46.684, 124.394, 36.424, 23.317, 12.555, 7.334, 22.434, 3.45, 27.553, 6.804, 21.032, 0.511, 20.794, 1.586, 5.756, 0.539, 23.9, 40.0, 31.872, 29.266, 40.0]
338.10,[548.911, 197.512, 651.96, 640.689, 653.935, 269.484, 497.547, 825.625, 870.905, 48.052, 63.755, 70.27, 95.813, 96.481, 81.79, 93.122, 69.636, 103.445, 107.449, 76.668, 73.414, 121.281, 27.825, 30.659, 9.611, 1.828, 11.45, 4.354, 31.095, 8.744, 38.442, 6.578, 19.967, 16.289, 11.241, 0.934, 21.475, 34.452, 30.569, 20.696, 35.728]
338.12,[515.839, 613.968, 593.588, 550.587, 621.563, 188.077, 558.811, 809.946, 908.755, 46.065, 88.368, 81.425, 101.491, 109.419, 83.608, 57.382, 52.364, 100.527, 126.114, 57.973, 51.614, 134.146, 31.254, 23.697, 11.194, 7.465, 10.196, 4.194, 25.622, 7.653, 35.759, 4.146, 18.675, 15.67, 8.334, 1.844, 25.898, 35.663, 28.312, 21.971, 36.894]
338.37,[574.82, 102.987, 560.88, 611.818, 716.406, 301.846, 485.623, 863.732, 881.125, 47.05, 60.998, 68.034, 98.406, 102.449, 82.351, 93.145, 75.744, 114.214, 90.861, 70.123, 81.285, 132.335, 26.916, 35.956, 10.28, 0.779, 12.089, 4.863, 31.501, 16.243, 39.049, 7.325, 20.247, 14.942, 10.162, 2.353, 21.587, 34.178, 30.351, 20.979, 37.096]
338.65,[513.706, 121.113, 513.098, 863.636, 522.799, 142.457, 704.517, 820.874, 896.613, 36.476, 82.574, 69.632, 117.762, 86.602, 83.79, 80.408, 44.853, 91.919, 121.747, 45.561, 28.21, 124.22, 33.547, 19.365, 8.954, 7.002, 10.034, 1.899, 33.269, 7.22, 38.438, 0.097, 16.046, 20.776, 10.206, 0.008, 30.294, 35.78, 34.24, 24.476, 39.983]
338.90,[632.349, 413.956, 612.895, 811.434, 663.382, 112.754, 516.213, 888.516, 1000.0, 42.875, 67.224, 86.815, 105.548, 104.546, 77.648, 73.642, 44.121, 96.775, 128.229, 56.022, 53.228, 133.811, 31.163, 23.947, 11.041, 5.71, 4.888, 4.285, 30.039, 6.152, 29.492, 6.869, 18.465, 18.487, 10.558, 0.695, 27.045, 39.505, 29.515, 21.353, 36.838]
339.02,[595.559, 419.695, 583.711, 615.717, 630.811, 125.373, 514.784, 781.434, 911.197, 41.603, 70.56, 78.191, 109.209, 102.858, 79.828, 66.816, 52.993, 95.562, 104.214, 55.221, 52.024, 136.632, 29.846, 23.118, 10.134, 5.615, 11.186, 4.344, 28.95, 7.188, 36.275, 2.19, 18.727, 18.555, 9.987, 0.798, 26.352, 37.322, 30.391, 21.42, 37.158]
339.18,[566.776, 266.474, 549.049, 691.88, 620.434, 214.808, 503.944, 803.982, 799.95, 41.438, 68.73, 69.845, 83.004, 103.054, 81.655, 78.247, 53.434, 98.002, 103.695, 64.702, 51.098, 131.057, 26.454, 21.797, 8.704, 6.901, 14.086, 3.44, 26.18, 11.415, 36.669, 14.339, 21.833, 16.49, 5.377, 4.366, 25.63, 36.534, 31.198, 22.616, 40.31]
339.46,[565.933, 118.277, 604.491, 656.915, 679.444, 311.492, 536.648, 846.342, 860.291, 48.961, 60.329, 68.589, 103.42, 101.599, 81.247, 93.289, 71.005, 104.546, 100.226, 80.362, 72.895, 124.535, 34.342, 29.753, 9.752, 0.0, 12.345, 3.72, 30.37, 9.548, 40.078, 4.779, 19.42, 14.986, 12.758, 0.0, 20.162, 37.544, 30.948, 22.036, 35.122]
339.69,[617.142, 928.447, 267.236, 477.073, 304.812, 448.584, 588.07, 691.621, 210.855, 32.321, 87.357, 100.835, 98.451, 76.208, 173.927, 170.148, 41.164, 77.164, 187.935, 99.59, 56.159, 116.12, 73.377, 0.0, 5.76, 4.252, 2.627, 19.748, 5.134, 13.391, 38.375, 8.074, 17.844, 35.149, 17.66, 0.48, 6.564, 8.274, 16.983, 21.371, 36.618]
339.71,[618.217, 461.974, 636.198, 672.615, 642.595, 216.825, 506.515, 864.251, 875.76, 41.89, 63.003, 78.168, 94.375, 122.547, 82.021, 86.96, 67.713, 97.738, 111.924, 62.676, 52.958, 134.297, 39.616, 20.618, 9.595, 4.204, 14.161, 5.902, 35.964, 5.663, 39.29, 4.967, 24.706, 16.02, 9.19, 0.879, 25.501, 36.889, 31.494, 26.658, 40.0]
339.85,[528.83, 750.011, 714.163, 557.9, 611.82, 276.878, 668.228, 797.518, 864.061, 50.481, 96.383, 106.936, 108.868, 73.926, 76.951, 63.169, 33.264, 103.372, 128.32, 58.868, 43.068, 158.83, 20.0, 28.068, 8.986, 3.138, 4.859, 12.845, 20.685, 11.801, 42.37, 1.974, 21.619, 8.355, 9.869, 0.0, 26.786, 32.097, 22.997, 16.074, 39.746]
339.86,[590.978, 100.0, 530.693, 754.07, 673.409, 185.431, 541.493, 892.942, 848.947, 32.744, 36.178, 92.878, 89.625, 128.989, 64.454, 70.28, 55.431, 102.825, 93.147, 45.858, 39.095, 139.751, 25.889, 27.187, 9.16, 4.145, 15.803, 4.089, 22.941, 4.87, 45.816, 0.0, 21.508, 20.349, 11.054, 0.0, 21.799, 42.091, 34.234, 23.373, 37.327]
340.70,[548.209, 333.691, 607.536, 581.681, 639.494, 214.77, 495.137, 709.138, 941.76, 49.18, 77.732, 79.998, 110.71, 97.636, 64.169, 65.317, 62.018, 104.47, 112.623, 65.46, 38.241, 132.055, 24.402, 33.77, 10.83, 2.376, 6.58, 4.108, 31.162, 7.986, 30.791, 5.632, 19.996, 18.056, 11.227, 0.549, 27.857, 34.036, 32.45, 22.49, 35.088]
340.75,[492.509, 499.54, 612.987, 533.389, 587.448, 273.2, 553.754, 808.89, 850.606, 49.236, 108.675, 88.143, 106.724, 102.85, 79.21, 49.642, 52.894, 87.272, 139.345, 67.485, 58.969, 124.373, 41.492, 26.717, 10.089, 6.563, 13.872, 3.462, 23.303, 8.429, 37.379, 1.3, 18.35, 15.713, 11.821, 2.066, 23.829, 32.698, 24.461, 19.214, 36.046]
340.80,[602.225, 348.324, 565.176, 568.029, 637.465, 205.939, 508.755, 801.913, 864.854, 44.142, 95.011, 73.341, 103.644, 113.405, 74.742, 82.644, 53.929, 81.144, 109.631, 66.617, 55.225, 127.192, 28.555, 27.36, 11.056, 5.141, 14.068, 4.301, 30.845, 5.888, 40.633, 3.085, 20.251, 18.421, 10.94, 1.39, 26.514, 39.381, 32.134, 22.207, 36.593]
340.89,[548.19, 158.826, 654.15, 628.25, 653.055, 277.425, 482.048, 830.505, 874.207, 48.165, 61.039, 67.931, 96.393, 93.687, 82.12, 94.323, 71.336, 103.94, 106.734, 75.023, 82.616, 121.272, 21.94, 33.596, 9.399, 0.681, 11.692, 4.107, 30.771, 8.958, 40.998, 7.579, 20.079, 16.826, 11.137, 0.816, 21.356, 34.458, 30.243, 20.402, 35.537]
340.98,[597.401, 251.927, 569.875, 723.793, 616.817, 209.481, 511.875, 836.587, 871.029, 41.868, 57.12, 81.247, 95.046, 113.141, 75.125, 69.857, 51.857, 95.83, 97.483, 59.333, 52.969, 135.181, 37.036, 26.371, 10.575, 5.205, 13.281, 3.672, 30.292, 6.321, 39.297, 1.407, 19.434, 19.93, 10.248, 1.498, 25.891, 39.271, 33.09, 21.575, 39.424]
341.01,[577.865, 156.063, 569.054, 691.169, 614.994, 221.296, 486.842, 817.352, 872.063, 43.345, 52.604, 81.96, 101.857, 111.311, 88.827, 79.047, 53.764, 103.741, 111.299, 58.559, 66.576, 133.113, 31.237, 25.953, 8.419, 5.491, 12.674, 3.451, 32.144, 6.679, 39.107, 2.589, 19.618, 12.618, 11.065, 1.788, 23.979, 37.083, 30.609, 23.434, 36.071]
341.23,[457.607, 561.145, 688.719, 658.946, 601.617, 261.733, 642.558, 804.365, 839.849, 41.444, 106.873, 72.55, 86.298, 102.919, 88.532, 85.987, 63.824, 106.2, 108.053, 84.56, 24.36, 133.765, 50.437, 12.501, 12.081, 12.163, 1.993, 4.18, 40.0, 5.725, 11.894, 3.935, 19.15, 9.013, 9.749, 1.238, 22.697, 28.528, 30.865, 18.812, 36.127]
341.63,[629.894, 466.473, 692.792, 827.603, 882.644, 233.449, 586.719, 797.701, 669.589, 53.126, 61.29, 40.501, 80.994, 137.338, 78.81, 76.344, 39.716, 110.781, 120.308, 105.398, 43.786, 175.45, 85.707, 12.663, 11.963, 12.576, 17.5, 3.834, 7.13, 8.459, 33.606, 2.209, 15.728, 10.251, 11.707, 5.708, 22.899, 35.783, 28.614, 20.871, 31.676]
341.72,[473.482, 220.131, 613.868, 701.892, 630.08, 166.905, 502.129, 818.77, 891.55, 36.71, 38.993, 71.853, 103.138, 88.212, 101.901, 74.695, 59.231, 99.028, 101.524, 61.936, 26.626, 129.29, 45.26, 20.685, 8.76, 4.967, 14.827, 2.64, 40.0, 7.73, 40.0, 0.09, 18.26, 7.199, 7.392, 0.88, 24.699, 37.112, 30.759, 28.661, 38.101]
341.84,[640.44, 258.909, 593.967, 736.375, 701.596, 224.475, 498.766, 812.961, 869.511, 49.254, 50.32, 90.274, 100.149, 116.568, 74.745, 90.335, 64.749, 101.625, 112.32, 88.41, 37.994, 115.646, 61.335, 20.914, 9.857, 3.857, 16.447, 5.706, 26.695, 8.807, 37.563, 0.0, 19.175, 17.624, 13.616, 1.848, 20.929, 40.0, 32.665, 26.444, 36.318]
342.15,[577.636, 158.376, 583.968, 664.506, 621.552, 239.144, 469.637, 785.999, 897.957, 41.98, 50.353, 81.767, 97.473, 113.199, 85.967, 77.67, 52.598, 100.694, 111.725, 66.085, 64.872, 136.898, 31.056, 25.629, 8.681, 3.119, 11.881, 4.058, 31.867, 7.154, 39.825, 3.271, 19.189, 13.991, 10.777, 0.901, 23.118, 38.907, 30.869, 23.121, 35.273]
342.21,[460.401, 100.0, 651.058, 853.922, 651.89, 200.42, 740.146, 786.582, 870.051, 22.513, 55.928, 83.228, 98.445, 128.005, 93.377, 98.306, 55.013, 108.856, 112.178, 68.983, 20.0, 86.262, 20.613, 22.758, 11.249, 2.916, 17.796, 8.205, 32.31, 7.912, 43.654, 9.074, 15.125, 13.118, 11.993, 4.621, 17.729, 39.39, 38.08, 27.618, 37.005]
342.37,[633.004, 129.316, 547.994, 650.128, 711.118, 208.571, 539.985, 842.308, 848.223, 47.584, 59.642, 85.296, 99.071, 109.976, 81.385, 88.793, 78.17, 113.296, 92.267, 61.769, 65.822, 129.158, 45.127, 29.07, 10.228, 3.839, 12.659, 5.371, 27.349, 8.881, 36.468, 4.668, 18.495, 17.203, 12.84, 2.868, 20.85, 35.903, 29.163, 22.281, 30.97]
342.52,[599.867, 100.0, 578.87, 705.179, 622.169, 253.854, 440.791, 778.349, 891.941, 40.497, 37.244, 81.898, 96.456, 114.342, 86.337, 85.172, 52.592, 101.041, 106.136, 68.721, 68.943, 137.52, 31.243, 26.188, 7.827, 1.733, 12.537, 4.033, 33.949, 7.03, 41.196, 2.858, 19.33, 13.565, 11.604, 0.613, 22.187, 40.052, 31.889, 23.39, 34.812]
343.02,[638.684, 303.107, 590.794, 700.574, 618.745, 146.431, 507.019, 830.614, 717.507, 41.134, 83.154, 76.521, 103.221, 101.208, 68.986, 71.188, 46.48, 100.221, 111.113, 80.452, 66.87, 136.734, 43.169, 19.978, 10.385, 14.08, 13.071, 6.598, 34.558, 10.294, 37.958, 1.712, 19.528, 12.94, 10.282, 7.466, 20.478, 39.101, 32.425, 19.348, 39.076]
343.11,[556.792, 440.832, 581.061, 633.658, 639.091, 200.537, 547.11, 824.802, 872.219, 43.665, 84.435, 81.341, 104.107, 110.131, 81.939, 62.707, 50.513, 98.249, 118.488, 58.402, 52.844, 135.617, 36.695, 24.742, 10.274, 6.596, 11.478, 4.075, 27.673, 7.021, 32.58, 2.905, 18.13, 17.442, 8.668, 1.707, 26.118, 37.461, 30.213, 21.708, 36.873]
343.65,[598.474, 107.058, 782.65, 737.097, 813.161, 326.459, 343.9, 874.15, 840.899, 46.849, 86.477, 50.384, 127.199, 90.939, 69.627, 94.517, 80.983, 134.669, 63.976, 67.705, 73.438, 130.301, 20.0, 33.977, 13.61, 2.853, 8.248, 1.128, 29.595, 7.5, 37.973, 11.33, 18.201, 18.456, 4.422, 1.558, 21.19, 35.671, 34.38, 20.925, 39.849]
343.79,[562.913, 547.081, 569.834, 390.477, 703.512, 217.064, 540.412, 732.166, 863.824, 54.717, 73.446, 98.061, 102.869, 116.92, 72.949, 66.959, 34.504, 113.89, 133.283, 56.699, 38.638, 107.552, 53.625, 22.994, 8.202, 4.002, 2.248, 1.11, 27.711, 10.925, 32.824, 2.244, 13.135, 20.902, 13.202, 0.505, 24.521, 24.436, 18.72, 25.926, 38.368]
344.03,[626.68, 210.905, 575.483, 719.967, 623.006, 188.332, 531.737, 865.427, 811.093, 39.558, 43.707, 86.964, 104.126, 105.215, 78.123, 74.834, 56.461, 100.721, 98.712, 55.942, 56.13, 135.368, 36.51, 23.465, 9.513, 7.61, 12.077, 4.451, 29.623, 8.461, 38.233, 0.191, 18.306, 18.836, 8.481, 1.078, 23.057, 39.923, 33.386, 22.126, 34.217]
344.17,[608.104, 188.882, 514.922, 656.694, 643.12, 193.42, 528.747, 806.199, 828.96, 41.376, 58.862, 84.666, 108.61, 110.825, 69.235, 91.138, 49.918, 114.918, 97.329, 62.755, 55.659, 123.465, 41.348, 23.03, 9.172, 7.146, 14.577, 4.163, 27.189, 8.565, 36.782, 0.681, 18.8, 18.931, 10.471, 2.892, 23.153, 38.717, 34.67, 18.025, 37.639]
344.73,[586.695, 387.13, 525.485, 729.415, 716.204, 209.462, 519.546, 805.419, 860.992, 32.18, 73.791, 111.747, 107.013, 121.782, 83.517, 70.46, 36.962, 102.962, 129.254, 49.884, 28.53, 108.237, 35.481, 23.47, 11.402, 3.126, 8.775, 0.0, 30.161, 8.632, 38.088, 0.0, 14.332, 24.756, 14.598, 1.018, 25.887, 22.662, 26.026, 28.427, 34.406]
345.03,[576.634, 135.88, 600.412, 661.299, 675.865, 297.707, 536.933, 846.242, 852.864, 47.747, 62.986, 70.87, 103.56, 101.741, 80.843, 90.812, 67.963, 104.056, 101.634, 79.082, 70.809, 125.504, 34.596, 28.753, 9.734, 1.225, 12.196, 3.656, 30.276, 9.448, 39.833, 4.356, 19.35, 15.033, 12.268, 0.239, 20.574, 37.815, 31.225, 22.055, 35.147]
345.43,[589.598, 911.705, 558.893, 677.088, 620.822, 184.381, 642.474, 779.128, 943.003, 45.789, 92.564, 76.847, 99.634, 103.728, 71.419, 54.486, 47.747, 95.873, 124.016, 49.801, 51.142, 131.924, 42.959, 26.281, 10.304, 5.101, 5.574, 3.74, 26.171, 7.073, 34.202, 2.498, 19.111, 21.471, 9.73, 0.836, 27.378, 35.099, 28.922, 23.077, 37.854]
345.55,[609.301, 120.946, 591.638, 751.029, 640.588, 179.038, 472.056, 816.068, 852.91, 41.599, 55.006, 77.877, 97.654, 128.976, 82.945, 79.685, 73.927, 97.77, 131.941, 65.132, 49.446, 125.065, 40.792, 20.535, 8.567, 3.88, 12.566, 4.551, 39.253, 6.282, 38.717, 3.494, 19.878, 15.093, 10.705, 1.188, 24.139, 39.182, 29.459, 26.087, 40.509]
346.34,[627.615, 358.888, 635.108, 684.941, 605.721, 184.13, 507.412, 827.915, 812.348, 50.194, 89.919, 74.888, 107.614, 104.691, 72.875, 75.089, 41.787, 99.825, 109.967, 72.553, 54.056, 141.668, 41.502, 19.639, 10.101, 12.012, 12.146, 3.766, 33.43, 8.452, 38.628, 1.561, 19.445, 14.425, 9.843, 2.522, 19.16, 40.0, 30.928, 22.483, 35.962]
346.54,[630.696, 235.291, 552.389, 700.927, 612.363, 192.126, 542.644, 791.901, 846.263, 40.571, 47.866, 89.561, 107.11, 112.208, 77.135, 105.484, 57.059, 104.547, 102.359, 62.991, 65.458, 140.168, 48.167, 22.637, 10.376, 6.835, 15.025, 5.732, 33.328, 8.727, 40.0, 0.102, 19.148, 16.527, 9.914, 4.106, 24.963, 40.0, 33.206, 22.923, 38.967]
346.97,[498.524, 761.099, 539.899, 509.071, 626.545, 130.102, 562.107, 783.608, 976.712, 49.312, 99.18, 77.954, 103.452, 113.852, 69.218, 41.721, 48.063, 94.199, 133.04, 56.12, 51.179, 132.871, 28.872, 25.354, 10.669, 6.501, 6.207, 3.902, 26.323, 7.218, 33.51, 2.935, 19.995, 18.034, 9.308, 0.315, 28.719, 35.281, 25.758, 23.261, 37.453]
346.98,[576.826, 316.659, 619.968, 651.916, 645.91, 169.144, 513.471, 796.179, 868.601, 40.154, 42.581, 75.943, 100.677, 109.216, 82.4, 85.021, 55.281, 102.535, 99.957, 64.626, 55.68, 127.156, 30.418, 25.19, 8.374, 12.586, 12.661, 4.676, 30.234, 7.888, 40.008, 9.734, 17.644, 18.803, 5.749, 0.991, 24.429, 36.722, 32.217, 21.58, 35.813]
347.05,[587.601, 669.224, 606.238, 817.05, 605.2, 222.311, 538.2, 705.303, 785.342, 46.711, 79.18, 63.532, 104.026, 110.163, 89.862, 57.828, 52.374, 96.675, 109.493, 58.885, 43.15, 135.252, 28.083, 23.989, 10.2, 5.585, 15.25, 4.16, 26.897, 7.731, 36.237, 2.721, 17.224, 15.401, 7.168, 2.948, 24.637, 36.123, 32.288, 20.784, 38.001]
347.17,[620.841, 185.832, 573.163, 667.441, 727.633, 186.478, 509.708, 804.617, 860.042, 50.758, 44.744, 91.907, 86.977, 119.191, 75.728, 87.953, 73.567, 103.612, 114.169, 61.883, 46.323, 123.46, 45.389, 25.148, 9.318, 0.481, 14.461, 2.203, 27.554, 7.412, 39.759, 1.514, 22.083, 17.65, 7.315, 1.284, 21.92, 39.638, 35.315, 25.995, 37.069]
347.31,[586.007, 810.737, 692.487, 547.527, 627.53, 117.272, 505.058, 804.979, 1019.532, 48.459, 95.703, 69.896, 88.466, 99.439, 84.693, 43.261, 57.869, 107.678, 133.162, 27.411, 51.496, 128.372, 67.63, 17.601, 10.836, 5.668, 6.983, 5.035, 28.361, 5.041, 31.906, 5.035, 16.128, 12.528, 10.201, 4.88, 25.238, 30.402, 26.721, 22.216, 39.46]
347.43,[605.368, 456.187, 556.496, 708.869, 731.473, 224.965, 530.775, 851.302, 845.24, 45.578, 58.961, 112.978, 100.73, 117.004, 80.065, 90.25, 33.493, 104.149, 120.567, 68.857, 50.987, 118.848, 49.937, 23.135, 9.025, 3.645, 4.096, 2.629, 27.581, 10.506, 37.247, 0.808, 6.624, 22.443, 10.56, 1.329, 19.922, 19.518, 26.892, 26.491, 36.825]
347.50,[597.896, 198.222, 569.474, 719.732, 635.788, 168.102, 529.184, 791.204, 852.998, 43.129, 52.152, 83.941, 104.282, 105.148, 80.148, 76.346, 54.207, 99.965, 99.384, 57.729, 52.999, 134.039, 35.29, 23.244, 8.929, 5.853, 13.377, 5.221, 29.932, 8.422, 39.501, 0.709, 18.298, 18.613, 10.199, 0.831, 25.381, 40.0, 33.23, 21.519, 38.085]
347.53,[511.108, 524.321, 597.087, 722.544, 632.817, 171.724, 658.263, 892.003, 823.618, 66.126, 61.3, 108.569, 102.972, 147.186, 99.449, 62.182, 81.19, 112.611, 136.825, 70.202, 25.722, 112.655, 67.333, 18.623, 10.393, 3.402, 11.87, 1.866, 42.467, 12.765, 29.72, 6.101, 30.786, 19.19, 5.313, 0.0, 24.834, 33.122, 28.462, 26.503, 39.528]
347.65,[591.679, 192.73, 525.803, 662.499, 641.531, 190.528, 525.717, 807.322, 836.612, 40.826, 56.556, 83.032, 107.901, 108.191, 72.991, 89.105, 50.911, 112.874, 97.882, 62.445, 52.119, 123.967, 41.771, 22.738, 9.189, 6.834, 14.625, 3.964, 28.982, 8.445, 37.583, 0.642, 18.737, 17.547, 10.086, 2.654, 23.347, 38.497, 34.215, 19.302, 37.739]
347.85,[593.055, 418.603, 690.731, 647.7, 584.812, 254.213, 513.697, 854.314, 850.269, 20.602, 74.995, 73.614, 95.574, 108.261, 109.984, 67.205, 56.56, 103.475, 119.109, 60.021, 43.492, 156.785, 27.154, 18.976, 12.538, 9.75, 14.802, 4.897, 24.079, 7.777, 40.0, 6.812, 17.022, 9.764, 5.133, 1.007, 22.716, 34.625, 30.399, 20.622, 35.941]
347.87,[574.262, 242.404, 550.468, 779.696, 653.971, 207.854, 504.243, 780.381, 811.411, 22.895, 56.068, 78.016, 80.51, 105.39, 93.235, 84.18, 57.004, 92.351, 97.952, 59.461, 44.967, 139.523, 32.524, 26.043, 11.147, 3.863, 14.053, 3.652, 30.588, 8.549, 38.623, 0.0, 17.149, 16.845, 6.291, 4.543, 24.906, 40.0, 35.293, 18.977, 40.0]
348.07,[652.712, 100.256, 511.213, 720.308, 682.513, 176.804, 688.527, 715.598, 767.827, 46.666, 41.454, 74.849, 88.535, 80.452, 68.412, 68.959, 80.788, 102.86, 89.748, 50.199, 47.013, 105.653, 20.0, 28.017, 15.422, 7.899, 15.232, 4.2, 25.539, 6.058, 40.081, 2.844, 18.677, 22.377, 7.831, 0.0, 19.097, 43.58, 33.848, 29.08, 32.841]
348.16,[566.003, 180.325, 560.27, 696.305, 646.561, 177.016, 509.714, 821.505, 862.609, 43.559, 48.384, 81.421, 102.208, 108.844, 81.697, 82.87, 61.929, 100.094, 100.432, 64.639, 49.711, 134.171, 38.665, 24.14, 9.949, 4.659, 14.043, 3.517, 31.257, 7.258, 39.757, 1.624, 17.501, 15.584, 10.48, 0.769, 23.977, 38.842, 33.287, 24.29, 37.753]
348.25,[475.181, 682.867, 614.667, 531.993, 663.294, 175.246, 505.21, 714.566, 912.955, 44.448, 86.532, 76.058, 107.453, 106.833, 70.364, 79.631, 52.296, 102.211, 118.154, 80.684, 58.6, 130.852, 31.876, 28.214, 10.995, 17.826, 5.664, 3.631, 33.618, 6.703, 35.118, 4.74, 18.434, 17.359, 10.082, 0.525, 25.87, 29.601, 28.957, 24.478, 37.009]
348.39,[591.509, 196.384, 693.922, 640.662, 673.244, 315.087, 521.979, 813.335, 844.267, 41.642, 58.01, 83.015, 108.412, 104.624, 73.538, 92.362, 45.361, 110.939, 98.07, 61.116, 52.522, 118.601, 41.325, 21.6, 9.058, 2.982, 14.09, 3.42, 28.929, 8.242, 37.502, 0.201, 18.277, 16.932, 10.813, 0.588, 21.227, 33.333, 30.154, 26.908, 38.022]
348.60,[578.115, 164.323, 584.315, 688.738, 608.889, 228.906, 482.474, 816.994, 878.16, 45.175, 52.715, 79.068, 101.434, 108.51, 88.922, 77.63, 53.517, 101.322, 110.96, 64.156, 64.368, 134.018, 31.369, 26.258, 8.56, 4.784, 12.773, 3.315, 32.6, 6.854, 39.071, 2.95, 19.821, 13.543, 10.972, 1.372, 23.9, 37.448, 30.903, 22.956, 36.616]
348.63,[587.413, 443.418, 591.943, 707.546, 610.092, 128.374, 481.371, 815.003, 860.193, 45.556, 48.776, 79.834, 102.221, 107.499, 87.609, 80.663, 55.867, 101.231, 105.085, 67.12, 70.197, 131.898, 36.16, 23.04, 8.202, 4.173, 13.691, 3.035, 37.148, 8.209, 39.899, 2.707, 20.288, 13.459, 9.735, 1.313, 22.871, 37.369, 31.736, 22.647, 37.356]
348.68,[400.945, 497.207, 592.173, 505.725, 664.787, 377.552, 648.43, 913.427, 999.359, 71.349, 82.899, 85.345, 95.599, 122.869, 67.632, 38.509, 36.627, 70.949, 149.002, 20.0, 84.363, 156.015, 36.338, 25.241, 10.298, 7.805, 12.461, 3.705, 20.476, 6.857, 38.651, 7.93, 17.558, 11.159, 13.002, 2.664, 24.96, 31.412, 21.705, 26.591, 33.967]
348.74,[626.538, 418.642, 624.365, 652.864, 588.238, 227.516, 571.894, 844.99, 851.966, 45.766, 38.244, 69.341, 96.256, 101.028, 79.224, 95.3, 68.069, 103.643, 102.561, 79.221, 25.103, 126.661, 37.15, 23.535, 12.477, 1.598, 8.467, 3.188, 43.523, 5.903, 39.52, 4.794, 19.467, 12.639, 12.505, 1.451, 22.488, 24.127, 31.101, 20.728, 36.679]
348.81,[599.124, 272.411, 648.368, 669.707, 634.111, 152.485, 532.305, 811.928, 858.914, 46.54, 60.382, 80.839, 87.038, 105.826, 80.281, 73.517, 54.387, 98.611, 101.573, 80.743, 55.367, 130.269, 32.212, 29.359, 8.878, 6.337, 13.431, 5.041, 30.84, 8.208, 39.136, 6.225, 18.552, 17.845, 9.866, 1.605, 24.718, 36.911, 33.555, 21.999, 37.898]
348.90,[595.2, 100.0, 574.436, 732.054, 611.141, 234.676, 461.025, 828.659, 861.778, 45.695, 42.762, 77.917, 101.448, 108.511, 90.386, 83.717, 55.968, 100.819, 106.219, 67.653, 67.212, 132.06, 32.867, 26.948, 7.926, 4.263, 13.644, 3.17, 34.764, 6.62, 40.33, 2.419, 20.15, 13.256, 11.83, 1.608, 23.618, 37.941, 31.955, 23.152, 36.931]
348.96,[497.084, 750.94, 598.114, 507.699, 624.026, 177.064, 581.921, 805.523, 919.857, 46.153, 99.146, 82.254, 101.501, 109.634, 82.006, 51.158, 51.512, 100.458, 130.816, 55.686, 47.928, 134.639, 30.872, 22.929, 11.966, 8.221, 9.381, 4.436, 23.461, 7.898, 34.678, 4.554, 18.326, 16.24, 7.507, 1.9, 26.437, 35.125, 27.452, 21.692, 36.885]
349.23,[699.271, 253.096, 523.207, 720.545, 594.491, 211.077, 480.819, 763.995, 856.438, 36.595, 43.099, 67.939, 103.653, 99.978, 75.015, 70.223, 40.168, 88.513, 111.21, 66.141, 58.07, 141.659, 33.608, 23.711, 12.303, 3.538, 13.616, 9.928, 35.031, 11.062, 40.0, 0.167, 19.463, 6.981, 9.867, 3.386, 25.288, 40.0, 30.565, 21.962, 37.425]
349.34,[608.133, 230.649, 565.221, 696.626, 640.604, 198.321, 545.514, 786.63, 836.406, 43.288, 54.307, 83.715, 106.462, 103.388, 78.044, 81.269, 54.09, 97.312, 99.88, 59.596, 54.23, 135.236, 37.491, 23.526, 9.39, 6.386, 12.921, 5.435, 30.061, 7.978, 39.354, 1.78, 17.9, 19.13, 11.18, 1.395, 24.951, 38.515, 32.922, 21.812, 37.546]
349.56,[586.421, 600.927, 571.066, 783.219, 609.527, 243.358, 511.809, 835.161, 888.568, 42.823, 87.987, 80.322, 96.336, 119.88, 90.512, 43.304, 50.76, 92.484, 129.269, 58.384, 47.928, 136.975, 30.349, 26.192, 10.844, 5.245, 10.633, 4.57, 24.583, 7.748, 40.162, 2.223, 19.351, 23.922, 8.353, 1.438, 23.524, 38.967, 26.681, 21.36, 40.316]
349.63,[531.793, 621.589, 539.49, 730.939, 609.469, 213.199, 594.398, 791.604, 886.547, 43.226, 84.309, 85.07, 101.053, 112.121, 78.956, 75.795, 53.759, 98.838, 100.938, 59.017, 58.323, 133.431, 37.062, 24.408, 10.437, 6.914, 13.435, 4.406, 27.381, 8.176, 35.731, 1.408, 17.458, 16.97, 9.307, 2.684, 25.585, 35.37, 29.46, 20.805, 36.143]

   76.6390	:  108.7554
  205.7496	:  189.4332
  358.7654	:  255.4976
  640.6339	:  423.6178
  693.2304	:  559.9290
  694.5503	:  578.0438
  789.1931	:  668.8451
  917.2963	:  815.0177
  944.8731	:  874.7186
  950.4084	:  910.6048
 1065.8969	: 1131.9819
 1106.3451	: 1187.8127
 1128.2539	: 1249.7663
 1163.0223	: 1342.1993
 1184.0492	: 1387.9407
 1306.8153	: 1508.6973
 1351.8049	: 1617.7631
 1434.4342	: 1727.6779
 1465.1955	: 1747.9221
 1501.3375	: 1845.1444
 1516.6948	: 1937.3469
 1549.2133	: 2071.5171
 1614.2786	: 2260.0542
 1642.5667	: 2321.8631
 3059.9085	: 2977.0278
 3130.0274	: 3173.8640
 3158.6078	: 3194.5537
 3257.5000	: 3544.1247
 3262.8304	: 3598.8621
 3290.0617	: 4621.3603

    1.4191
    0.9207
    0.7122
    0.6612
    0.8077
    0.8323
    0.8475
    0.8885
    0.9258
    0.9581
    1.0620
    1.0736
    1.1077
    1.1541
    1.1722
    1.1545
    1.1967
    1.2044
    1.1930
    1.2290
    1.2773
    1.3371
    1.4000
    1.4136
    0.9729
    1.0140
    1.0114
    1.0880
    1.1030
    1.4046

set im1b1 743.61
set im1b2 467.62
set im1b3 807.78
set im1b4 831.20
set im1b5 350.17
set im1b6 237.04
set im1b7 381.51
set im1b8 989.10
set im1b9 599.01
set im1a1 67.07
set im1a2 96.71
set im1a3 99.54
set im1a4 68.21
set im1a5 155.86
set im1a6 76.77
set im1a7 77.65
set im1a8 41.98
set im1a9 111.81
set im1a10 87.05
set im1a11 184.75
set im1a12 39.67
set im1a13 193.03
set im1a14 102.83
set im1d1 6.28
set im1d2 12.07
set im1d3 15.93
set im1d4 20.74
set im1d5 1.59
set im1d6 6.78
set im1d7 7.20
set im1d8 37.86
set im1d9 0.23
set im1d10 13.65
set im1d11 0.67
set im1d12 0.00
set im1d13 11.79
set im1d14 10.90
set im1d15 28.89
set im1d16 28.59
set im1d17 18.28
set im1d18 21.70
