Generation 100
178.21,[659.144, 87.772]
178.21,[783.639, 58.653]
178.21,[353.644, 32.035]
178.21,[561.886, 181.09]
178.21,[313.836, 180.199]
178.21,[141.34, 163.139]
178.21,[148.045, 198.274]
178.21,[332.118, 192.984]
178.21,[776.671, 36.398]
178.21,[752.452, 137.037]
178.21,[227.63, 86.835]
178.21,[970.608, 106.351]
178.21,[439.782, 166.217]
178.21,[299.505, 149.484]
178.21,[522.992, 64.406]
178.21,[159.648, 163.671]
178.21,[428.925, 137.459]
178.21,[489.04, 115.663]
178.21,[378.659, 159.849]
178.21,[225.054, 158.452]
178.21,[224.127, 112.004]
178.21,[678.461, 144.441]
178.21,[365.161, 169.8]
178.21,[596.621, 23.139]
178.21,[448.118, 99.497]
178.21,[371.999, 149.249]
178.21,[104.746, 61.698]
178.21,[438.359, 196.984]
178.21,[933.419, 49.186]
178.21,[761.086, 107.411]
178.21,[332.461, 24.512]
178.21,[694.691, 183.17]
178.21,[964.803, 80.888]
178.21,[994.674, 91.578]
178.21,[804.364, 33.653]
178.21,[532.848, 96.525]
178.21,[858.237, 157.378]
178.21,[699.274, 116.693]
178.21,[287.497, 29.273]
178.21,[990.529, 151.321]
178.21,[717.672, 196.335]
178.21,[390.931, 175.501]
178.21,[497.837, 122.424]
178.21,[647.847, 51.984]
178.21,[229.417, 164.952]
178.21,[651.339, 99.308]
178.21,[241.316, 57.084]
178.21,[865.06, 43.888]
178.21,[134.397, 194.507]
178.21,[207.516, 115.008]
178.21,[981.301, 187.469]
178.21,[269.934, 54.667]
178.21,[809.751, 164.303]
178.21,[157.705, 71.362]
178.21,[328.756, 124.541]
178.21,[800.383, 153.008]
178.21,[452.578, 86.581]
178.21,[353.341, 156.958]
178.21,[178.009, 173.683]
178.21,[352.297, 183.292]
178.21,[309.958, 62.073]
178.21,[456.552, 47.287]
178.21,[249.855, 60.374]
178.21,[464.277, 152.061]
178.21,[791.781, 164.486]
178.21,[786.527, 135.215]
178.21,[115.553, 182.223]
178.21,[294.928, 102.05]
178.21,[509.865, 36.382]
178.21,[869.111, 28.253]
178.21,[531.677, 178.008]
178.21,[193.057, 70.501]
178.21,[526.181, 60.335]
178.21,[109.067, 89.218]
178.21,[617.806, 140.73]
178.21,[771.054, 160.64]
178.21,[207.264, 135.322]
178.21,[480.878, 121.217]
178.21,[852.847, 183.096]
178.21,[808.075, 62.087]
178.21,[907.092, 85.376]
178.21,[612.374, 177.886]
178.21,[849.547, 188.265]
178.21,[131.434, 173.617]
178.21,[561.699, 76.476]
178.21,[227.051, 124.79]
178.21,[735.991, 80.239]
178.21,[441.545, 163.1]
178.21,[676.676, 79.338]
178.21,[636.393, 106.236]
178.21,[164.751, 139.696]
178.21,[842.361, 44.316]
178.21,[691.492, 131.343]
178.21,[154.142, 173.834]
178.21,[784.087, 103.076]
178.21,[175.202, 193.643]
178.21,[101.215, 182.709]
178.21,[309.899, 77.159]
178.21,[462.676, 162.635]
178.21,[892.348, 61.945]
178.21,[527.967, 26.568]
178.21,[229.363, 190.8]
178.21,[315.391, 27.051]
178.21,[860.276, 177.785]
178.21,[389.909, 189.832]
178.21,[448.45, 136.362]
178.21,[417.647, 77.759]
178.21,[754.69, 46.555]
178.21,[693.414, 96.538]
178.21,[972.673, 133.625]
178.21,[538.682, 28.722]
178.21,[312.031, 27.677]
178.21,[310.627, 94.067]
178.21,[673.434, 63.858]
178.21,[500.839, 64.21]
178.21,[957.959, 82.302]
178.21,[553.956, 108.507]
178.21,[690.114, 155.038]
178.21,[852.269, 174.629]
178.21,[802.779, 192.883]
178.21,[281.468, 60.249]
178.21,[451.792, 71.134]
178.21,[768.297, 122.845]
178.21,[134.352, 29.634]
178.21,[325.94, 91.957]
178.21,[732.062, 184.881]
178.21,[962.197, 191.408]
178.21,[949.268, 28.558]
178.21,[306.938, 48.812]
178.21,[743.338, 95.097]
178.21,[489.146, 178.809]
178.21,[965.365, 90.967]
178.21,[334.886, 183.915]
178.21,[661.626, 58.746]
178.21,[228.369, 138.075]
178.21,[982.885, 119.334]
178.21,[887.372, 80.012]
178.21,[163.903, 177.529]
178.21,[438.281, 121.906]
178.21,[869.669, 113.921]
178.21,[392.362, 43.494]
178.21,[343.157, 93.568]
178.21,[728.959, 109.181]
178.21,[891.857, 187.621]
178.21,[251.2, 196.374]
178.21,[888.343, 40.847]
178.21,[974.276, 146.91]
178.21,[556.604, 35.628]
178.21,[212.863, 149.605]
178.21,[587.751, 111.05]
178.21,[443.898, 51.797]
178.21,[735.239, 66.431]
178.21,[436.824, 185.914]
178.21,[758.749, 62.727]
178.21,[359.153, 150.963]
178.21,[532.487, 135.512]
178.21,[499.5, 32.085]
178.21,[785.172, 101.699]
178.21,[203.439, 90.836]
178.21,[473.976, 188.82]
178.21,[442.224, 145.792]
178.21,[124.444, 21.34]
178.21,[289.344, 159.6]
178.21,[632.0, 86.4]
178.21,[979.161, 122.754]
178.21,[763.639, 96.039]
178.21,[944.645, 122.294]
178.21,[191.945, 86.994]
178.21,[684.94, 193.011]
178.21,[430.552, 112.362]
178.21,[640.134, 24.184]
178.21,[225.617, 183.258]
178.21,[912.129, 33.978]
178.21,[596.782, 88.023]
178.21,[654.575, 189.197]
178.21,[272.361, 57.264]
178.21,[940.511, 98.922]
178.21,[432.164, 174.367]
178.21,[948.483, 83.978]
178.21,[268.496, 56.645]
178.21,[119.855, 76.997]
178.21,[917.025, 184.198]
178.21,[797.359, 43.094]
178.21,[903.03, 58.177]
178.21,[122.776, 59.912]
178.21,[387.564, 126.174]
178.21,[732.551, 198.025]
178.21,[269.826, 105.28]
178.21,[329.185, 104.96]
178.21,[413.008, 21.629]
178.21,[131.414, 70.011]
178.21,[558.331, 114.079]
178.21,[928.973, 119.639]
178.21,[425.547, 161.537]
178.21,[751.514, 154.395]
178.21,[812.636, 152.338]
178.21,[901.053, 189.449]
178.21,[923.712, 59.359]
178.21,[225.644, 33.616]
178.21,[474.032, 67.404]

  347.5957	:  386.5371
  347.6284	:  386.5372
  515.6975	:  440.7560
  515.7578	:  440.7560
  515.7857	:  440.7561
  754.5377	:  692.5320
 1109.2977	: 1405.6454
 1110.0561	: 1405.6455
 1110.9033	: 1405.6455

    1.1120
    1.1119
    0.8547
    0.8546
    0.8545
    0.9178
    1.2671
    1.2663
    1.2653

set bf4b1 659.14
set bf4a1 87.77
