Generation 275
46.05,[354.564, 370.23, 388.39, 366.912, 386.05, 416.98, 311.039, 471.99, 31.839, 18.321, 113.855, 123.215, 28.219, 45.519, 44.662, 16.939, 49.527, 42.868, 29.764, 141.797, 24.342, 30.163, 2.888, 2.538, 0.72, 0.0, 1.844, 2.133, 0.0, 0.0, 1.778, 0.092, 1.18, 18.207, 5.325, 0.054, 4.297, 1.11, 1.407, 1.888, 1.336]
48.72,[353.856, 379.225, 384.316, 365.649, 389.936, 430.483, 318.773, 469.781, 32.188, 17.345, 112.311, 122.767, 26.583, 45.614, 50.015, 17.394, 49.075, 42.756, 28.631, 144.712, 25.519, 29.482, 2.671, 2.398, 0.769, 0.263, 1.75, 1.865, 0.404, 0.408, 1.513, 0.756, 1.293, 18.171, 5.798, 1.022, 3.976, 1.115, 1.433, 1.873, 1.329]
48.76,[350.197, 391.568, 389.207, 369.948, 388.924, 420.104, 318.556, 478.741, 32.879, 17.207, 112.107, 123.477, 26.73, 45.18, 50.269, 17.166, 49.6, 43.213, 28.968, 143.57, 25.327, 29.718, 2.843, 2.433, 0.789, 0.151, 1.835, 1.859, 0.358, 0.225, 1.589, 0.496, 1.315, 18.512, 5.538, 0.815, 4.013, 1.113, 1.429, 1.883, 1.361]
48.80,[350.606, 388.807, 387.271, 366.547, 390.09, 425.346, 326.331, 479.46, 32.463, 17.016, 111.595, 123.63, 27.169, 46.256, 48.436, 15.661, 49.607, 41.849, 29.094, 143.016, 25.084, 29.554, 2.722, 2.392, 0.726, 0.144, 1.777, 1.883, 0.235, 0.153, 1.603, 0.517, 1.336, 18.518, 5.527, 0.813, 4.181, 1.111, 1.435, 1.881, 1.353]
48.83,[355.422, 359.661, 385.028, 359.869, 389.226, 433.898, 320.654, 476.1, 32.21, 18.881, 112.252, 122.834, 27.167, 45.677, 48.803, 15.574, 49.629, 41.544, 29.104, 141.072, 25.808, 30.01, 2.797, 2.514, 0.774, 0.097, 1.762, 1.967, 0.421, 0.118, 1.404, 0.12, 1.429, 18.295, 5.877, 0.228, 3.986, 1.1, 1.437, 1.874, 1.342]
48.91,[355.942, 378.4, 383.465, 366.805, 391.521, 429.81, 317.988, 473.619, 32.419, 17.388, 111.883, 122.665, 26.909, 45.845, 49.42, 17.713, 49.114, 42.546, 28.522, 145.162, 25.583, 29.529, 2.73, 2.41, 0.77, 0.191, 1.762, 1.879, 0.402, 0.449, 1.5, 0.681, 1.291, 18.258, 5.757, 1.024, 4.047, 1.115, 1.435, 1.872, 1.332]
48.94,[355.422, 385.097, 385.028, 372.059, 389.226, 430.341, 320.654, 470.45, 32.21, 16.325, 112.252, 122.575, 27.167, 45.711, 48.803, 17.304, 49.629, 42.574, 29.104, 144.666, 25.808, 29.406, 2.797, 2.383, 0.774, 0.205, 1.762, 1.966, 0.421, 0.195, 1.404, 0.735, 1.429, 18.38, 5.877, 1.216, 3.986, 1.111, 1.437, 1.873, 1.342]
48.96,[355.046, 384.991, 387.735, 351.405, 383.825, 428.77, 312.04, 474.304, 32.368, 18.129, 113.708, 122.18, 27.104, 44.737, 50.547, 16.359, 47.092, 40.805, 29.047, 140.337, 25.574, 29.485, 2.81, 2.517, 0.784, 0.297, 1.727, 1.76, 0.1, 0.321, 1.558, 0.788, 1.369, 18.293, 5.797, 0.171, 4.283, 1.12, 1.424, 1.873, 1.32]
49.00,[356.517, 384.954, 384.571, 369.141, 391.114, 426.044, 318.923, 473.774, 32.411, 16.81, 111.856, 122.741, 26.706, 45.88, 49.555, 17.823, 49.093, 42.79, 28.595, 145.727, 25.818, 29.496, 2.76, 2.386, 0.777, 0.21, 1.761, 1.861, 0.422, 0.446, 1.476, 0.733, 1.384, 18.296, 5.765, 1.129, 4.012, 1.117, 1.438, 1.874, 1.336]
49.02,[349.783, 390.062, 388.758, 370.409, 389.081, 421.537, 318.192, 479.18, 32.93, 17.54, 112.157, 123.461, 26.759, 45.161, 50.477, 17.28, 49.684, 43.338, 29.041, 143.279, 25.332, 29.722, 2.872, 2.453, 0.799, 0.145, 1.822, 1.847, 0.356, 0.215, 1.583, 0.473, 1.28, 18.517, 5.506, 0.775, 4.031, 1.113, 1.426, 1.883, 1.364]
49.02,[356.756, 384.98, 384.51, 369.62, 390.837, 425.705, 318.743, 473.783, 32.442, 16.789, 111.862, 122.73, 26.647, 45.862, 49.629, 17.902, 49.093, 42.858, 28.572, 145.843, 25.851, 29.487, 2.768, 2.378, 0.779, 0.213, 1.76, 1.854, 0.43, 0.452, 1.474, 0.738, 1.391, 18.295, 5.765, 1.146, 4.013, 1.118, 1.439, 1.875, 1.337]
49.03,[357.151, 393.338, 385.736, 353.65, 390.345, 417.23, 312.935, 474.146, 32.413, 17.419, 111.679, 122.995, 28.368, 46.25, 50.183, 16.413, 47.773, 42.142, 29.098, 144.883, 26.895, 29.471, 2.765, 2.265, 0.72, 0.18, 1.768, 1.814, 0.053, 0.215, 1.566, 0.229, 1.475, 18.336, 5.495, 0.442, 4.199, 1.114, 1.413, 1.881, 1.31]
49.14,[354.375, 386.852, 384.193, 374.349, 389.237, 428.61, 320.956, 469.961, 32.14, 16.107, 112.493, 122.578, 27.255, 45.629, 49.138, 17.434, 49.911, 42.642, 29.069, 145.188, 26.036, 29.421, 2.793, 2.337, 0.804, 0.243, 1.769, 1.97, 0.491, 0.208, 1.35, 0.786, 1.444, 18.379, 5.929, 1.315, 3.916, 1.113, 1.438, 1.875, 1.346]
49.15,[355.192, 388.102, 384.8, 374.128, 389.794, 428.76, 321.184, 470.315, 32.256, 16.056, 112.227, 122.808, 27.152, 45.724, 48.99, 17.529, 49.943, 42.851, 29.064, 145.053, 26.018, 29.395, 2.791, 2.376, 0.784, 0.232, 1.776, 1.992, 0.455, 0.221, 1.347, 0.809, 1.449, 18.379, 5.918, 1.319, 3.941, 1.111, 1.438, 1.876, 1.344]
49.16,[356.133, 360.414, 389.984, 362.061, 392.842, 436.675, 308.634, 476.331, 31.935, 19.118, 113.228, 122.94, 28.216, 45.504, 47.567, 15.232, 49.031, 42.047, 29.434, 140.615, 24.508, 30.0, 2.891, 2.493, 0.743, 0.052, 1.781, 2.006, 0.0, 0.075, 1.733, 0.137, 1.015, 18.284, 5.478, 0.368, 4.409, 1.096, 1.404, 1.884, 1.326]
49.19,[355.07, 387.405, 384.333, 374.216, 389.223, 428.563, 321.281, 470.159, 32.189, 16.096, 112.328, 122.674, 27.097, 45.643, 49.016, 17.476, 49.893, 42.833, 29.096, 145.071, 26.014, 29.398, 2.8, 2.368, 0.778, 0.218, 1.784, 1.987, 0.454, 0.213, 1.342, 0.798, 1.453, 18.384, 5.926, 1.312, 3.936, 1.112, 1.439, 1.876, 1.344]
49.21,[352.862, 383.265, 384.73, 365.655, 380.291, 426.403, 314.331, 476.148, 32.624, 17.064, 113.081, 123.751, 27.959, 44.095, 44.355, 16.48, 48.605, 41.152, 29.352, 145.6, 23.988, 29.884, 2.893, 2.609, 0.679, 0.121, 1.903, 2.011, 0.0, 0.01, 1.675, 0.29, 1.082, 17.931, 5.572, 0.437, 4.251, 1.121, 1.399, 1.882, 1.331]
49.24,[356.961, 387.624, 385.415, 369.677, 390.518, 424.396, 320.11, 473.801, 32.519, 16.443, 111.595, 122.693, 26.66, 46.009, 49.529, 17.868, 49.234, 43.017, 28.749, 146.263, 25.985, 29.472, 2.754, 2.342, 0.786, 0.228, 1.742, 1.888, 0.454, 0.449, 1.447, 0.823, 1.418, 18.311, 5.841, 1.253, 3.996, 1.117, 1.446, 1.874, 1.339]
49.36,[357.314, 358.742, 386.369, 358.535, 395.092, 433.893, 312.611, 474.926, 31.599, 18.865, 113.067, 123.084, 27.941, 45.372, 46.765, 15.497, 48.876, 42.118, 28.959, 141.175, 24.545, 29.955, 2.85, 2.54, 0.735, 0.114, 1.767, 1.924, 0.061, 0.064, 1.771, 0.17, 1.1, 18.276, 5.445, 0.218, 4.34, 1.096, 1.404, 1.878, 1.332]
49.39,[356.979, 390.314, 385.915, 370.376, 390.524, 423.988, 320.406, 473.897, 32.516, 16.23, 111.545, 122.71, 26.626, 46.042, 49.617, 17.935, 49.219, 42.988, 28.771, 146.125, 26.077, 29.465, 2.764, 2.328, 0.786, 0.234, 1.744, 1.878, 0.468, 0.451, 1.436, 0.837, 1.454, 18.325, 5.832, 1.294, 3.986, 1.118, 1.446, 1.875, 1.342]
49.47,[357.269, 370.82, 382.251, 364.671, 395.364, 435.548, 317.359, 472.029, 32.447, 17.613, 111.964, 122.59, 27.226, 45.653, 48.825, 17.311, 49.26, 42.475, 28.537, 145.278, 25.475, 29.528, 2.746, 2.465, 0.784, 0.213, 1.793, 1.915, 0.345, 0.421, 1.465, 0.698, 1.212, 18.186, 5.832, 1.021, 4.073, 1.114, 1.444, 1.867, 1.322]
49.53,[356.326, 359.661, 386.146, 359.869, 393.526, 433.898, 312.667, 476.1, 31.972, 18.881, 112.985, 122.834, 28.032, 45.677, 47.158, 15.574, 48.631, 41.544, 29.071, 141.072, 24.585, 30.01, 2.853, 2.514, 0.757, 0.097, 1.784, 1.967, 0.082, 0.118, 1.767, 0.12, 1.146, 18.295, 5.404, 0.228, 4.288, 1.1, 1.402, 1.874, 1.329]
49.54,[356.94, 391.066, 385.63, 369.987, 389.08, 421.948, 320.547, 471.817, 32.743, 16.107, 111.47, 122.746, 26.642, 45.731, 49.153, 17.928, 48.854, 42.589, 28.747, 146.201, 25.937, 29.476, 2.788, 2.381, 0.778, 0.204, 1.754, 1.917, 0.407, 0.402, 1.517, 0.783, 1.455, 18.261, 5.855, 1.247, 3.987, 1.116, 1.445, 1.874, 1.341]
49.58,[357.11, 393.31, 385.932, 370.261, 391.094, 421.046, 320.621, 472.489, 32.42, 16.07, 111.399, 122.401, 26.572, 46.03, 49.412, 18.116, 49.16, 43.421, 28.72, 146.959, 26.288, 29.416, 2.762, 2.295, 0.799, 0.239, 1.723, 1.893, 0.516, 0.478, 1.415, 0.933, 1.457, 18.348, 5.888, 1.411, 3.977, 1.116, 1.453, 1.874, 1.34]
49.67,[355.23, 390.756, 390.455, 366.428, 395.183, 427.789, 322.418, 474.813, 32.322, 16.038, 111.47, 123.056, 27.485, 46.198, 48.458, 16.659, 49.438, 42.46, 29.572, 145.385, 25.794, 29.552, 2.797, 2.376, 0.826, 0.198, 1.815, 2.062, 0.368, 0.255, 1.363, 0.751, 1.307, 18.421, 5.927, 1.256, 4.035, 1.108, 1.46, 1.877, 1.339]
49.95,[350.966, 386.376, 385.566, 363.552, 391.117, 429.963, 333.178, 480.093, 32.096, 16.847, 111.143, 123.765, 27.555, 47.203, 46.821, 14.337, 49.613, 40.647, 29.205, 142.528, 24.87, 29.41, 2.615, 2.356, 0.67, 0.138, 1.727, 1.905, 0.127, 0.09, 1.615, 0.536, 1.355, 18.523, 5.518, 0.812, 4.328, 1.11, 1.441, 1.879, 1.347]
50.07,[356.002, 386.304, 390.039, 364.148, 397.666, 432.398, 322.29, 473.897, 32.209, 16.161, 111.499, 123.025, 27.835, 46.318, 47.923, 16.37, 49.433, 42.162, 29.685, 145.308, 25.718, 29.55, 2.79, 2.398, 0.834, 0.192, 1.826, 2.115, 0.33, 0.24, 1.331, 0.749, 1.241, 18.379, 5.989, 1.254, 4.057, 1.106, 1.465, 1.875, 1.331]
50.21,[356.786, 391.555, 383.926, 371.395, 390.068, 424.233, 319.379, 472.302, 32.403, 16.343, 111.926, 122.982, 26.638, 45.997, 50.066, 18.652, 49.919, 42.78, 28.619, 146.785, 26.255, 29.395, 2.696, 2.326, 0.821, 0.249, 1.778, 1.887, 0.508, 0.547, 1.446, 0.87, 1.469, 18.17, 5.897, 1.324, 3.959, 1.123, 1.447, 1.884, 1.337]
50.27,[350.108, 367.852, 384.893, 363.614, 389.22, 449.393, 313.267, 475.916, 32.933, 20.055, 114.061, 123.805, 28.181, 44.537, 49.465, 16.43, 49.632, 42.321, 28.962, 141.099, 24.436, 29.99, 2.936, 2.632, 0.729, 0.028, 1.815, 1.879, 0.04, 0.054, 1.621, 0.109, 1.082, 18.184, 5.548, 0.439, 4.146, 1.107, 1.427, 1.873, 1.339]
50.39,[350.315, 367.882, 383.521, 364.108, 390.017, 449.216, 313.355, 476.535, 32.811, 20.172, 113.772, 123.77, 28.051, 44.384, 49.523, 16.225, 49.702, 42.385, 28.926, 141.16, 24.438, 29.999, 2.957, 2.639, 0.748, 0.049, 1.813, 1.904, 0.03, 0.033, 1.632, 0.103, 1.079, 18.219, 5.547, 0.442, 4.208, 1.106, 1.429, 1.877, 1.339]
50.41,[353.549, 379.49, 391.216, 364.968, 399.044, 440.248, 320.88, 476.236, 31.917, 16.668, 112.277, 122.461, 27.525, 45.693, 48.431, 16.459, 49.674, 42.672, 29.743, 144.369, 25.709, 29.621, 2.796, 2.399, 0.839, 0.216, 1.767, 2.002, 0.418, 0.236, 1.323, 0.722, 1.28, 18.61, 5.797, 1.03, 3.997, 1.108, 1.465, 1.874, 1.328]
50.44,[350.022, 367.845, 383.639, 364.095, 389.898, 448.976, 313.236, 476.814, 32.796, 20.14, 113.772, 123.753, 28.118, 44.412, 49.597, 16.33, 49.685, 42.293, 28.942, 141.204, 24.437, 30.136, 2.957, 2.635, 0.75, 0.066, 1.809, 1.908, 0.04, 0.03, 1.623, 0.111, 1.074, 18.217, 5.547, 0.427, 4.195, 1.107, 1.428, 1.876, 1.339]
50.44,[351.813, 331.655, 387.007, 358.149, 394.281, 434.796, 311.526, 478.209, 31.799, 19.028, 113.001, 122.889, 28.589, 45.489, 47.451, 16.232, 49.113, 42.16, 28.064, 140.49, 24.481, 30.015, 2.978, 2.65, 0.743, 0.117, 1.795, 1.721, 0.234, 0.035, 1.723, 0.147, 1.016, 18.522, 5.517, 0.248, 4.196, 1.108, 1.404, 1.834, 1.326]
50.47,[348.136, 404.418, 386.998, 371.232, 389.471, 422.063, 322.078, 485.409, 33.007, 15.832, 112.486, 123.404, 26.703, 46.489, 48.133, 17.306, 50.209, 42.963, 29.259, 144.088, 26.747, 29.767, 2.773, 2.474, 0.794, 0.176, 1.815, 1.815, 0.503, 0.299, 1.471, 0.478, 1.255, 18.364, 5.516, 0.778, 3.898, 1.209, 1.434, 1.876, 1.368]
50.54,[353.488, 421.992, 391.964, 383.399, 378.448, 442.026, 322.692, 472.274, 32.302, 16.181, 111.407, 123.049, 27.638, 46.642, 46.711, 16.187, 49.59, 42.605, 29.219, 140.667, 25.948, 29.93, 2.723, 2.331, 0.798, 0.104, 1.842, 1.986, 0.526, 0.483, 1.344, 0.751, 1.463, 18.2, 5.955, 0.645, 3.906, 1.11, 1.459, 1.884, 1.371]
50.58,[356.796, 394.165, 387.039, 369.062, 388.744, 418.826, 320.992, 471.939, 32.663, 15.602, 111.459, 122.883, 26.596, 45.69, 48.899, 17.589, 48.793, 42.431, 28.634, 146.404, 25.84, 29.503, 2.738, 2.35, 0.761, 0.209, 1.792, 1.932, 0.404, 0.396, 1.54, 0.788, 1.504, 18.287, 5.873, 1.264, 3.955, 1.116, 1.448, 1.875, 1.338]
50.61,[356.147, 373.037, 386.777, 361.683, 392.468, 435.039, 310.351, 473.8, 32.545, 16.504, 112.203, 122.683, 27.256, 45.89, 49.754, 17.808, 49.165, 42.466, 28.527, 146.696, 25.738, 29.6, 2.753, 2.339, 0.774, 0.148, 1.794, 1.939, 0.208, 0.062, 1.894, 0.745, 1.077, 18.295, 5.649, 0.025, 4.233, 1.101, 1.424, 1.874, 1.331]
50.70,[352.223, 359.945, 382.913, 364.615, 388.58, 448.784, 314.435, 479.22, 32.959, 19.76, 113.484, 124.143, 27.807, 44.956, 49.888, 16.24, 49.713, 41.477, 28.946, 141.225, 24.201, 30.038, 2.859, 2.653, 0.727, 0.097, 1.837, 1.887, 0.029, 0.109, 1.641, 0.08, 1.099, 18.152, 5.532, 0.311, 4.17, 1.113, 1.416, 1.876, 1.336]
50.75,[357.049, 374.262, 386.814, 375.489, 381.877, 428.228, 322.611, 483.981, 33.1, 16.193, 111.713, 124.616, 26.747, 46.525, 50.582, 16.664, 49.082, 41.103, 29.016, 144.107, 24.992, 29.635, 2.743, 2.489, 0.703, 0.235, 1.843, 1.799, 0.241, 0.38, 1.534, 0.337, 1.505, 18.204, 5.488, 0.527, 4.177, 1.129, 1.401, 1.881, 1.349]
50.76,[349.94, 365.879, 383.725, 363.704, 390.785, 451.231, 312.363, 477.848, 32.805, 20.425, 113.849, 123.772, 28.088, 44.36, 49.575, 16.485, 49.939, 42.435, 28.961, 141.14, 24.398, 30.165, 2.964, 2.64, 0.748, 0.069, 1.785, 1.903, 0.042, 0.025, 1.603, 0.112, 1.045, 18.249, 5.523, 0.404, 4.202, 1.107, 1.427, 1.876, 1.34]
50.83,[356.848, 393.111, 384.199, 365.939, 390.347, 428.34, 315.306, 469.023, 32.002, 14.891, 112.654, 122.886, 26.721, 46.542, 50.865, 18.117, 49.1, 42.237, 28.634, 145.729, 28.226, 29.369, 2.806, 2.387, 0.778, 0.202, 1.771, 1.894, 0.555, 0.433, 1.476, 0.754, 1.409, 18.245, 5.723, 0.56, 4.021, 1.111, 1.438, 1.879, 1.391]
50.92,[351.851, 382.196, 383.871, 359.747, 392.22, 435.861, 338.37, 480.58, 31.706, 16.738, 110.732, 123.879, 28.006, 48.269, 44.905, 13.15, 49.405, 39.28, 29.303, 141.904, 24.565, 29.267, 2.518, 2.332, 0.613, 0.135, 1.665, 1.926, 0.016, 0.022, 1.657, 0.544, 1.37, 18.514, 5.503, 0.77, 4.485, 1.107, 1.445, 1.875, 1.338]
50.96,[355.62, 434.361, 393.768, 356.973, 390.106, 444.029, 324.358, 479.41, 32.078, 19.752, 111.744, 123.636, 26.829, 47.144, 46.671, 15.437, 46.885, 40.459, 28.395, 150.669, 24.879, 29.524, 2.769, 2.563, 0.674, 0.208, 2.023, 1.908, 0.194, 0.314, 1.817, 0.478, 1.085, 18.324, 5.487, 0.712, 4.063, 1.115, 1.442, 1.88, 1.326]
50.97,[350.049, 370.513, 386.048, 357.917, 392.887, 450.267, 310.878, 475.572, 31.993, 19.27, 112.809, 123.706, 28.325, 44.71, 48.358, 16.188, 48.535, 40.869, 28.059, 141.022, 24.09, 29.851, 2.886, 2.638, 0.724, 0.014, 1.805, 2.022, 0.184, 0.436, 1.755, 0.18, 0.92, 18.322, 5.478, 0.297, 4.218, 1.104, 1.397, 1.867, 1.345]
50.98,[346.396, 401.85, 385.277, 371.438, 388.985, 457.328, 320.725, 474.09, 32.917, 19.036, 112.835, 124.427, 27.471, 45.117, 49.595, 18.405, 49.279, 42.712, 28.576, 149.749, 25.137, 29.851, 3.027, 2.247, 0.739, 0.011, 1.776, 1.938, 0.433, 0.599, 1.409, 0.363, 1.261, 18.207, 5.684, 0.463, 4.071, 1.106, 1.427, 1.879, 1.346]
51.10,[359.862, 438.197, 387.729, 367.211, 385.507, 407.102, 309.382, 471.6, 31.309, 12.523, 112.777, 122.188, 28.243, 45.402, 45.874, 16.963, 48.421, 42.73, 29.882, 142.703, 24.964, 29.422, 2.752, 2.402, 0.751, 0.107, 1.823, 2.228, 0.05, 0.231, 1.692, 0.023, 1.236, 18.078, 6.044, 1.553, 4.287, 1.107, 1.405, 1.882, 1.333]
51.15,[354.632, 373.924, 389.35, 354.568, 388.218, 445.877, 311.595, 468.317, 33.13, 17.472, 113.064, 124.004, 27.02, 44.929, 46.056, 15.233, 48.244, 41.533, 30.052, 141.848, 24.27, 29.571, 2.927, 2.603, 0.663, 0.268, 1.713, 1.71, 0.1, 0.097, 1.883, 0.32, 1.119, 18.129, 5.517, 0.626, 4.382, 1.103, 1.437, 1.872, 1.314]
51.17,[353.402, 396.837, 388.208, 360.134, 390.465, 431.198, 316.043, 468.481, 32.065, 14.976, 113.123, 122.84, 26.654, 46.389, 51.318, 17.213, 49.11, 42.201, 28.446, 145.737, 27.592, 29.406, 2.649, 2.377, 0.777, 0.301, 1.77, 1.923, 0.55, 0.42, 1.478, 0.783, 1.306, 18.252, 5.634, 0.572, 3.973, 1.137, 1.438, 1.883, 1.403]
51.18,[358.314, 366.105, 390.741, 354.31, 389.251, 444.978, 315.495, 472.847, 32.38, 18.202, 111.628, 121.758, 27.747, 46.269, 47.053, 15.893, 47.46, 40.447, 29.173, 141.327, 24.114, 29.468, 2.769, 2.507, 0.738, 0.102, 1.587, 1.797, 0.15, 0.048, 1.918, 0.217, 1.228, 18.341, 5.468, 0.423, 4.399, 1.109, 1.424, 1.853, 1.319]
51.21,[350.03, 397.358, 390.875, 371.046, 389.765, 418.486, 320.906, 472.387, 31.609, 16.307, 107.629, 124.613, 27.64, 46.76, 46.925, 14.865, 49.333, 41.237, 29.53, 141.299, 25.201, 29.9, 2.308, 2.182, 0.778, 0.204, 1.806, 2.038, 0.437, 0.166, 1.281, 0.606, 0.897, 18.278, 6.436, 0.659, 3.979, 1.106, 1.459, 1.878, 1.278]
51.24,[358.213, 363.663, 390.593, 352.676, 389.532, 446.975, 314.86, 472.911, 32.361, 18.531, 111.736, 121.686, 27.839, 46.245, 46.925, 15.821, 47.349, 40.338, 29.127, 140.891, 23.978, 29.47, 2.765, 2.523, 0.735, 0.087, 1.581, 1.792, 0.126, 0.028, 1.935, 0.169, 1.191, 18.336, 5.45, 0.344, 4.428, 1.107, 1.423, 1.852, 1.316]
51.28,[357.585, 370.669, 381.918, 363.869, 395.026, 436.616, 316.877, 472.211, 32.488, 17.699, 112.071, 122.648, 27.295, 45.789, 48.816, 17.342, 49.236, 42.473, 28.574, 145.255, 25.49, 29.533, 2.733, 2.462, 0.787, 0.193, 1.779, 1.926, 0.328, 0.434, 1.481, 0.689, 1.203, 18.177, 5.829, 1.004, 4.054, 1.114, 1.444, 1.868, 1.322]
51.30,[354.001, 360.726, 374.557, 352.985, 393.202, 436.115, 315.38, 474.432, 31.942, 20.151, 113.193, 122.627, 27.14, 45.698, 46.596, 15.618, 48.874, 42.177, 29.904, 141.437, 24.168, 29.943, 2.914, 2.523, 0.749, 0.049, 1.637, 2.058, 0.215, 0.154, 1.696, 0.069, 0.85, 18.123, 5.553, 0.296, 4.291, 1.108, 1.403, 1.871, 1.289]
51.31,[357.736, 363.286, 390.571, 352.303, 389.391, 447.783, 314.372, 472.833, 32.388, 18.579, 111.761, 121.468, 27.825, 46.313, 46.894, 15.609, 47.47, 40.29, 29.118, 140.695, 23.684, 29.482, 2.761, 2.53, 0.734, 0.057, 1.566, 1.795, 0.126, 0.011, 1.925, 0.132, 1.176, 18.329, 5.441, 0.259, 4.452, 1.107, 1.42, 1.849, 1.318]
51.37,[357.888, 368.114, 386.171, 356.456, 389.492, 446.435, 316.683, 469.927, 31.272, 18.575, 111.771, 122.658, 27.699, 46.327, 45.967, 15.6, 47.271, 39.519, 29.42, 140.931, 23.952, 29.556, 2.691, 2.534, 0.731, 0.259, 1.64, 1.801, 0.145, 0.048, 1.948, 0.073, 1.309, 18.298, 5.476, 0.191, 4.403, 1.111, 1.41, 1.844, 1.317]
51.40,[355.613, 364.236, 388.351, 356.171, 394.118, 444.326, 316.47, 474.154, 32.073, 18.834, 111.661, 122.443, 28.365, 46.642, 46.21, 15.703, 47.578, 40.411, 29.279, 140.863, 23.953, 29.54, 2.86, 2.527, 0.697, 0.15, 1.619, 1.814, 0.115, 0.0, 1.894, 0.19, 1.357, 18.363, 5.498, 0.145, 4.394, 1.102, 1.419, 1.856, 1.32]
51.51,[358.79, 362.645, 388.065, 354.58, 391.619, 446.001, 314.366, 474.103, 32.036, 18.596, 111.848, 122.352, 28.171, 46.455, 46.335, 15.475, 47.165, 39.976, 29.107, 141.161, 23.943, 29.556, 2.784, 2.47, 0.719, 0.189, 1.598, 1.812, 0.144, 0.077, 1.94, 0.168, 1.311, 18.368, 5.49, 0.195, 4.367, 1.11, 1.42, 1.857, 1.315]
51.53,[357.74, 380.0, 387.272, 358.179, 389.691, 431.412, 312.836, 472.618, 31.997, 17.512, 112.285, 122.396, 26.693, 45.243, 49.8, 16.946, 46.916, 40.183, 28.839, 140.848, 25.437, 29.516, 2.751, 2.467, 0.705, 0.287, 1.798, 1.871, 0.191, 0.315, 1.735, 0.663, 1.296, 18.333, 5.854, 0.165, 4.369, 1.114, 1.422, 1.874, 1.33]
51.55,[352.687, 353.646, 382.721, 361.305, 383.018, 450.595, 320.153, 474.994, 33.253, 20.15, 113.0, 124.725, 27.723, 45.883, 50.428, 15.599, 50.435, 41.852, 29.351, 141.708, 23.22, 29.824, 2.825, 2.401, 0.582, 0.259, 1.86, 1.709, 0.121, 0.329, 1.6, 0.263, 1.104, 18.534, 5.666, 0.194, 4.088, 1.106, 1.401, 1.884, 1.352]
51.56,[353.761, 364.391, 384.47, 371.47, 389.498, 442.956, 316.349, 479.359, 32.942, 17.842, 111.79, 124.127, 28.062, 45.718, 49.284, 16.002, 49.7, 40.377, 29.286, 142.914, 24.497, 29.949, 2.875, 2.538, 0.708, 0.11, 1.849, 1.968, 0.113, 0.125, 1.725, 0.246, 1.258, 18.208, 5.555, 0.6, 4.125, 1.113, 1.419, 1.88, 1.331]
51.56,[358.666, 363.797, 391.436, 352.153, 389.255, 446.756, 314.868, 473.138, 32.4, 18.431, 111.552, 121.659, 27.818, 46.336, 46.841, 15.721, 47.196, 40.189, 29.182, 140.921, 23.908, 29.476, 2.765, 2.522, 0.734, 0.09, 1.565, 1.777, 0.117, 0.03, 1.98, 0.154, 1.204, 18.336, 5.419, 0.327, 4.449, 1.108, 1.422, 1.851, 1.316]
51.63,[354.838, 423.386, 388.002, 378.99, 386.371, 415.428, 314.443, 480.767, 32.11, 12.41, 111.35, 122.705, 23.571, 46.534, 50.671, 19.127, 48.618, 44.463, 29.57, 150.002, 27.526, 29.227, 2.882, 2.324, 0.817, 0.118, 1.651, 1.77, 0.507, 0.325, 1.071, 1.086, 1.441, 18.398, 6.0, 2.009, 3.48, 1.133, 1.473, 1.884, 1.385]
51.64,[355.051, 384.464, 382.116, 366.54, 376.777, 420.896, 321.206, 471.978, 33.165, 16.66, 113.944, 122.621, 28.443, 46.578, 49.45, 13.172, 45.677, 38.914, 29.103, 142.796, 24.659, 29.807, 3.118, 2.609, 0.799, 0.364, 2.236, 1.72, 0.126, 0.02, 1.829, 0.0, 1.652, 17.716, 6.145, 0.782, 4.065, 1.1, 1.435, 1.897, 1.333]
51.64,[351.236, 396.672, 382.379, 369.835, 376.889, 415.923, 326.045, 461.669, 32.67, 15.959, 112.645, 123.478, 28.55, 45.168, 49.919, 14.06, 45.96, 40.21, 28.66, 142.139, 25.021, 29.712, 2.855, 2.564, 0.767, 0.015, 2.16, 1.979, 0.012, 0.103, 1.909, 0.096, 1.51, 17.742, 5.894, 0.761, 4.092, 1.103, 1.447, 1.886, 1.325]
51.73,[353.694, 341.911, 383.286, 354.937, 397.6, 443.803, 314.012, 479.233, 32.532, 20.042, 111.614, 121.654, 27.38, 45.443, 47.391, 14.77, 46.537, 41.888, 28.301, 140.454, 23.673, 29.935, 2.86, 2.661, 0.606, 0.001, 1.69, 1.842, 0.118, 0.136, 1.646, 0.084, 0.798, 18.551, 5.293, 0.107, 4.337, 1.091, 1.403, 1.835, 1.322]
51.74,[353.68, 341.721, 383.251, 354.848, 397.568, 443.922, 313.995, 479.201, 32.531, 20.064, 111.617, 121.653, 27.392, 45.44, 47.388, 14.766, 46.534, 41.885, 28.298, 140.436, 23.665, 29.936, 2.859, 2.661, 0.606, 0.001, 1.691, 1.842, 0.116, 0.136, 1.647, 0.083, 0.795, 18.551, 5.293, 0.105, 4.337, 1.091, 1.403, 1.835, 1.322]
51.74,[353.68, 341.721, 383.251, 354.848, 397.568, 443.922, 313.995, 479.201, 32.531, 20.064, 111.617, 121.653, 27.392, 45.44, 47.388, 14.766, 46.534, 41.885, 28.298, 140.436, 23.665, 29.936, 2.859, 2.661, 0.606, 0.001, 1.691, 1.842, 0.116, 0.136, 1.647, 0.083, 0.795, 18.551, 5.293, 0.105, 4.337, 1.091, 1.403, 1.835, 1.322]
51.77,[354.447, 422.646, 387.609, 379.938, 384.835, 416.874, 314.773, 479.123, 31.858, 12.378, 111.079, 122.929, 23.932, 46.707, 50.637, 18.936, 48.332, 44.856, 29.51, 150.248, 27.577, 29.258, 2.827, 2.285, 0.822, 0.053, 1.624, 1.805, 0.598, 0.277, 1.191, 1.055, 1.47, 18.369, 6.022, 1.997, 3.482, 1.135, 1.47, 1.885, 1.38]
51.77,[353.655, 373.998, 387.902, 356.815, 405.209, 438.057, 313.965, 476.68, 32.088, 18.058, 111.784, 121.088, 29.308, 45.755, 46.608, 14.297, 48.722, 40.457, 31.433, 138.268, 24.237, 30.0, 2.614, 2.368, 0.606, 0.015, 1.821, 2.263, 0.032, 0.095, 1.835, 0.096, 1.049, 18.278, 5.419, 0.216, 4.131, 1.087, 1.41, 1.859, 1.302]
51.81,[355.158, 339.15, 384.489, 355.272, 395.793, 447.357, 314.649, 476.875, 32.785, 20.844, 111.57, 121.702, 27.816, 45.261, 47.232, 15.008, 46.008, 41.986, 28.887, 139.858, 23.574, 29.894, 2.908, 2.635, 0.565, 0.0, 1.596, 1.845, 0.221, 0.176, 1.638, 0.046, 0.795, 18.498, 5.242, 0.147, 4.464, 1.096, 1.398, 1.828, 1.321]
51.88,[347.69, 396.023, 385.828, 368.54, 389.117, 457.295, 319.872, 473.88, 32.847, 19.105, 112.691, 124.099, 27.58, 45.258, 49.215, 18.048, 49.034, 42.37, 28.641, 148.594, 24.932, 29.812, 2.989, 2.286, 0.736, 0.015, 1.749, 1.925, 0.393, 0.532, 1.479, 0.326, 1.232, 18.215, 5.656, 0.424, 4.122, 1.106, 1.426, 1.875, 1.341]
51.88,[353.442, 365.438, 384.367, 370.266, 389.809, 442.749, 318.559, 479.362, 32.828, 17.75, 111.667, 124.097, 28.095, 46.018, 48.686, 15.576, 49.666, 40.132, 29.316, 142.718, 24.468, 29.889, 2.828, 2.513, 0.702, 0.116, 1.829, 1.962, 0.102, 0.114, 1.722, 0.273, 1.274, 18.235, 5.541, 0.601, 4.177, 1.112, 1.421, 1.879, 1.331]
51.89,[354.692, 335.802, 385.588, 352.21, 391.692, 446.287, 314.445, 479.089, 33.344, 20.665, 111.423, 120.99, 28.413, 45.805, 47.965, 14.592, 45.994, 42.139, 28.04, 139.234, 23.263, 29.922, 2.83, 2.589, 0.604, 0.011, 1.531, 1.946, 0.0, 0.166, 1.7, 0.138, 0.543, 18.631, 5.315, 0.265, 4.335, 1.089, 1.397, 1.831, 1.323]
51.90,[351.149, 410.19, 394.612, 374.223, 393.58, 407.999, 314.266, 478.408, 32.348, 17.33, 111.559, 124.315, 28.207, 45.375, 48.642, 15.688, 49.784, 40.098, 28.423, 147.823, 24.354, 29.799, 2.617, 2.391, 0.795, 0.198, 1.813, 1.962, 0.218, 0.13, 1.788, 0.2, 1.173, 18.347, 6.606, 0.569, 4.147, 1.11, 1.389, 1.88, 1.315]
51.93,[353.44, 342.518, 382.515, 355.476, 399.298, 443.706, 314.266, 478.482, 32.535, 19.973, 111.417, 121.919, 27.197, 45.678, 46.649, 14.664, 47.011, 41.357, 28.185, 140.474, 23.705, 29.943, 2.811, 2.658, 0.61, 0.001, 1.708, 1.916, 0.118, 0.122, 1.653, 0.105, 0.825, 18.51, 5.325, 0.094, 4.346, 1.09, 1.404, 1.836, 1.316]
51.96,[354.12, 349.984, 382.728, 362.575, 383.559, 450.276, 322.433, 475.434, 32.96, 20.116, 113.131, 124.695, 27.826, 46.348, 50.66, 15.862, 49.996, 41.828, 29.419, 142.075, 23.211, 29.82, 2.847, 2.434, 0.617, 0.295, 1.902, 1.703, 0.104, 0.329, 1.6, 0.266, 1.078, 18.564, 5.666, 0.193, 4.159, 1.107, 1.393, 1.882, 1.353]
51.98,[349.719, 354.658, 382.767, 358.981, 378.479, 450.87, 322.523, 471.73, 32.81, 20.483, 113.38, 124.19, 27.474, 45.977, 51.054, 16.375, 49.842, 41.901, 28.95, 142.066, 23.152, 29.827, 2.957, 2.518, 0.587, 0.199, 1.908, 1.67, 0.038, 0.361, 1.591, 0.288, 1.014, 18.443, 5.606, 0.225, 4.279, 1.105, 1.392, 1.882, 1.338]
52.03,[348.154, 351.573, 382.719, 362.05, 379.245, 448.895, 323.343, 473.806, 32.422, 20.118, 112.943, 124.123, 27.809, 46.277, 50.857, 16.246, 49.684, 41.995, 29.035, 142.162, 23.209, 29.796, 2.962, 2.517, 0.622, 0.188, 1.853, 1.779, 0.043, 0.303, 1.666, 0.244, 1.025, 18.466, 5.674, 0.205, 4.183, 1.108, 1.396, 1.884, 1.347]
52.06,[355.891, 346.775, 381.701, 365.481, 386.384, 448.463, 316.434, 483.229, 33.232, 19.126, 113.002, 124.792, 27.289, 45.865, 50.372, 16.09, 49.761, 40.117, 28.954, 141.261, 23.806, 29.875, 2.696, 2.683, 0.69, 0.149, 1.884, 1.854, 0.011, 0.242, 1.673, 0.03, 1.14, 18.043, 5.506, 0.116, 4.128, 1.123, 1.395, 1.876, 1.332]
52.09,[353.555, 339.64, 383.878, 355.55, 397.55, 445.897, 313.444, 479.719, 32.213, 20.102, 111.35, 121.5, 27.618, 45.597, 47.368, 14.896, 46.262, 41.44, 28.238, 140.321, 23.636, 29.982, 2.861, 2.634, 0.573, 0.0, 1.59, 1.811, 0.106, 0.171, 1.656, 0.06, 0.806, 18.579, 5.3, 0.162, 4.342, 1.093, 1.402, 1.829, 1.318]
52.10,[348.339, 350.709, 382.774, 362.794, 381.833, 450.243, 321.75, 473.062, 32.83, 20.126, 113.095, 124.414, 28.023, 46.463, 50.803, 15.948, 49.977, 41.833, 29.203, 142.136, 23.21, 29.836, 2.928, 2.485, 0.606, 0.182, 1.897, 1.755, 0.088, 0.334, 1.598, 0.17, 1.065, 18.424, 5.631, 0.204, 4.148, 1.107, 1.395, 1.88, 1.346]
52.12,[353.989, 339.603, 383.009, 354.143, 398.079, 445.133, 314.305, 479.555, 32.538, 20.127, 111.417, 121.457, 27.311, 45.503, 47.398, 14.618, 46.221, 41.829, 28.207, 140.42, 23.624, 29.923, 2.857, 2.663, 0.591, 0.0, 1.669, 1.826, 0.126, 0.147, 1.636, 0.088, 0.778, 18.577, 5.289, 0.113, 4.349, 1.09, 1.402, 1.83, 1.32]
52.20,[356.078, 407.253, 392.258, 384.334, 378.905, 409.543, 327.252, 482.439, 32.825, 13.814, 110.78, 124.089, 26.531, 46.633, 50.507, 17.283, 48.422, 42.783, 29.068, 146.74, 26.318, 29.502, 2.878, 2.29, 0.736, 0.285, 1.779, 1.767, 0.466, 0.434, 1.387, 0.651, 1.822, 18.415, 5.485, 1.019, 4.247, 1.128, 1.418, 1.886, 1.367]
52.21,[357.919, 349.965, 390.186, 345.63, 390.156, 457.034, 313.129, 472.213, 32.299, 19.655, 111.556, 121.507, 28.438, 46.369, 46.207, 15.23, 47.097, 39.665, 29.152, 139.464, 23.313, 29.508, 2.692, 2.592, 0.718, 0.042, 1.535, 1.819, 0.077, 0.0, 2.032, 0.031, 1.004, 18.275, 5.441, 0.121, 4.525, 1.102, 1.42, 1.843, 1.308]
52.23,[352.06, 346.756, 377.221, 356.81, 394.727, 447.822, 310.578, 472.85, 32.07, 20.598, 112.879, 122.691, 27.759, 45.262, 49.075, 17.267, 48.627, 41.009, 27.793, 141.313, 24.233, 29.747, 2.646, 2.633, 0.729, 0.052, 1.836, 1.85, 0.221, 0.412, 1.671, 0.184, 0.856, 18.052, 5.462, 0.239, 4.24, 1.11, 1.4, 1.863, 1.307]
52.27,[353.144, 334.75, 381.962, 351.595, 396.394, 448.275, 313.37, 478.039, 32.477, 20.848, 111.738, 121.61, 27.802, 45.342, 47.272, 14.59, 46.435, 41.766, 28.2, 139.771, 23.351, 29.975, 2.846, 2.686, 0.599, 0.0, 1.708, 1.851, 0.049, 0.121, 1.679, 0.052, 0.7, 18.552, 5.292, 0.028, 4.338, 1.089, 1.396, 1.832, 1.317]
52.27,[352.204, 369.592, 377.887, 358.129, 384.466, 444.817, 317.559, 480.441, 32.079, 18.058, 111.561, 123.968, 25.693, 45.355, 47.265, 15.052, 48.993, 41.812, 28.214, 140.243, 24.475, 30.016, 2.921, 2.171, 0.639, 0.05, 1.982, 2.012, 0.39, 0.462, 1.681, 0.286, 0.894, 18.432, 5.88, 1.559, 4.181, 1.121, 1.369, 1.883, 1.317]
52.28,[353.129, 334.56, 381.927, 351.506, 396.362, 448.394, 313.353, 478.007, 32.475, 20.869, 111.741, 121.609, 27.813, 45.34, 47.269, 14.585, 46.432, 41.763, 28.197, 139.753, 23.343, 29.977, 2.846, 2.687, 0.599, 0.0, 1.708, 1.851, 0.047, 0.12, 1.68, 0.051, 0.698, 18.552, 5.292, 0.026, 4.338, 1.089, 1.396, 1.832, 1.317]
52.29,[356.729, 366.283, 386.314, 355.834, 391.243, 442.107, 307.09, 479.295, 32.264, 17.859, 111.895, 123.434, 28.262, 48.332, 43.829, 16.501, 47.019, 39.448, 29.098, 141.078, 23.831, 29.5, 2.809, 2.512, 0.721, 0.154, 1.599, 1.878, 0.174, 0.088, 1.999, 0.338, 1.306, 18.371, 5.441, 0.307, 4.337, 1.103, 1.426, 1.86, 1.326]
52.35,[352.526, 347.483, 376.928, 357.178, 394.882, 447.955, 310.879, 473.007, 32.086, 20.553, 112.848, 122.57, 27.744, 45.295, 49.055, 17.193, 48.715, 40.966, 27.76, 141.471, 24.236, 29.722, 2.65, 2.635, 0.718, 0.068, 1.827, 1.847, 0.226, 0.448, 1.679, 0.206, 0.864, 18.084, 5.476, 0.258, 4.217, 1.11, 1.399, 1.864, 1.307]
52.35,[348.347, 343.435, 381.294, 365.413, 388.778, 448.379, 318.79, 478.658, 32.72, 20.759, 113.12, 125.206, 27.221, 46.217, 50.697, 16.916, 49.927, 42.061, 28.895, 141.391, 23.248, 29.796, 3.036, 2.572, 0.663, 0.16, 1.933, 1.829, 0.004, 0.422, 1.659, 0.2, 1.219, 18.306, 5.591, 0.252, 4.159, 1.108, 1.393, 1.872, 1.337]
52.36,[353.476, 344.389, 378.414, 355.264, 396.492, 449.319, 316.28, 472.042, 31.877, 19.662, 112.418, 122.998, 27.774, 45.679, 47.132, 15.786, 49.053, 41.948, 28.132, 142.039, 24.283, 29.869, 2.606, 2.624, 0.716, 0.099, 1.647, 1.91, 0.199, 0.294, 1.531, 0.101, 0.826, 18.353, 5.644, 0.382, 4.232, 1.112, 1.409, 1.84, 1.3]
52.37,[359.929, 423.856, 391.137, 383.012, 388.701, 403.692, 324.471, 474.694, 32.359, 13.377, 111.698, 123.193, 25.5, 46.087, 50.357, 18.472, 48.965, 44.241, 29.026, 149.084, 27.213, 29.295, 2.939, 2.248, 0.816, 0.32, 1.753, 1.759, 0.544, 0.43, 1.329, 1.046, 1.936, 18.522, 5.81, 1.748, 3.804, 1.128, 1.457, 1.89, 1.361]
52.38,[351.409, 410.488, 391.714, 377.685, 384.357, 407.268, 324.027, 479.324, 32.875, 15.499, 111.508, 123.149, 25.84, 45.362, 50.843, 17.853, 49.47, 43.84, 29.096, 145.592, 26.143, 29.541, 2.799, 2.298, 0.785, 0.194, 1.756, 1.849, 0.537, 0.32, 1.508, 0.771, 1.581, 18.591, 5.665, 1.251, 3.926, 1.12, 1.437, 1.885, 1.374]
52.38,[351.319, 398.638, 382.293, 370.226, 376.002, 413.669, 326.919, 460.636, 32.661, 15.674, 112.568, 123.459, 28.579, 45.219, 49.941, 13.905, 45.706, 40.068, 28.641, 142.202, 25.06, 29.683, 2.848, 2.559, 0.768, 0.011, 2.184, 1.984, 0.01, 0.108, 1.929, 0.095, 1.539, 17.71, 5.917, 0.784, 4.085, 1.103, 1.449, 1.886, 1.324]
52.39,[350.845, 338.588, 383.275, 357.976, 399.146, 441.485, 320.973, 474.676, 33.693, 20.221, 114.304, 123.125, 27.524, 46.481, 45.1, 15.402, 47.043, 42.107, 29.047, 140.392, 23.245, 29.848, 2.875, 2.655, 0.587, 0.122, 1.721, 1.931, 0.078, 0.334, 1.629, 0.184, 0.901, 18.383, 5.408, 0.178, 4.31, 1.096, 1.408, 1.857, 1.314]
52.42,[362.666, 356.801, 390.234, 352.504, 391.112, 448.411, 302.818, 471.639, 32.163, 19.388, 112.464, 121.669, 28.065, 45.353, 47.837, 17.279, 46.148, 40.966, 28.88, 141.29, 23.827, 29.659, 2.966, 2.558, 0.754, 0.198, 1.577, 1.766, 0.21, 0.109, 2.058, 0.0, 1.26, 18.313, 5.527, 0.0, 4.23, 1.115, 1.408, 1.849, 1.307]
52.44,[355.239, 341.869, 376.982, 358.028, 394.159, 447.153, 314.64, 471.58, 32.732, 19.893, 112.85, 122.39, 27.274, 45.887, 47.755, 15.798, 48.937, 42.025, 27.687, 141.14, 24.176, 29.851, 2.683, 2.665, 0.746, 0.13, 1.735, 1.976, 0.143, 0.433, 1.647, 0.069, 0.859, 18.313, 5.472, 0.164, 4.276, 1.111, 1.402, 1.829, 1.298]
52.45,[349.944, 344.369, 387.054, 364.216, 387.413, 448.902, 318.699, 473.875, 33.593, 21.196, 113.743, 124.318, 26.169, 46.33, 50.891, 15.849, 49.049, 42.169, 27.713, 141.048, 23.402, 29.724, 2.971, 2.691, 0.592, 0.119, 1.977, 1.814, 0.093, 0.35, 1.874, 0.111, 1.328, 18.264, 5.448, 0.247, 4.21, 1.103, 1.396, 1.867, 1.342]
52.47,[356.809, 367.405, 386.374, 355.527, 391.567, 442.706, 311.449, 478.171, 31.977, 17.587, 111.789, 123.474, 28.143, 48.175, 44.047, 16.461, 47.174, 39.268, 29.008, 141.182, 23.925, 29.496, 2.773, 2.508, 0.692, 0.184, 1.62, 1.887, 0.146, 0.064, 1.942, 0.409, 1.306, 18.355, 5.461, 0.354, 4.369, 1.103, 1.429, 1.863, 1.327]
52.47,[357.284, 365.985, 386.614, 355.122, 391.504, 443.363, 308.866, 477.94, 32.003, 17.669, 111.891, 123.435, 28.156, 48.165, 43.965, 16.779, 46.96, 39.267, 28.979, 141.113, 23.863, 29.518, 2.797, 2.525, 0.699, 0.189, 1.616, 1.883, 0.158, 0.068, 1.969, 0.396, 1.3, 18.34, 5.457, 0.314, 4.358, 1.102, 1.427, 1.861, 1.326]
52.49,[356.646, 413.066, 392.739, 386.194, 378.118, 405.905, 328.042, 483.231, 32.754, 13.131, 110.506, 124.068, 26.565, 46.661, 50.472, 17.415, 48.364, 42.84, 29.194, 147.266, 26.588, 29.481, 2.87, 2.253, 0.749, 0.301, 1.76, 1.763, 0.501, 0.442, 1.342, 0.701, 1.868, 18.429, 5.488, 1.09, 4.25, 1.13, 1.42, 1.888, 1.37]
52.50,[352.753, 338.332, 375.71, 356.282, 393.977, 447.737, 313.772, 472.463, 31.767, 20.244, 113.067, 122.88, 27.204, 45.595, 47.319, 15.928, 49.29, 42.143, 27.817, 141.416, 24.114, 29.901, 2.609, 2.602, 0.705, 0.1, 1.673, 1.797, 0.236, 0.322, 1.635, 0.0, 0.861, 18.448, 5.55, 0.274, 4.266, 1.118, 1.4, 1.831, 1.303]
52.53,[351.816, 410.443, 392.294, 376.512, 384.201, 407.404, 322.985, 478.867, 32.821, 15.494, 111.343, 123.189, 25.935, 45.668, 50.828, 17.939, 49.464, 43.78, 29.074, 145.727, 26.131, 29.564, 2.828, 2.278, 0.793, 0.224, 1.766, 1.824, 0.538, 0.322, 1.505, 0.764, 1.596, 18.605, 5.65, 1.266, 3.937, 1.119, 1.437, 1.886, 1.375]
52.58,[353.644, 431.5, 391.152, 362.084, 393.036, 420.027, 321.645, 472.242, 31.984, 11.002, 113.22, 123.144, 28.433, 46.203, 42.645, 17.255, 49.556, 44.917, 28.97, 147.321, 23.675, 29.828, 2.873, 2.469, 0.705, 0.27, 1.682, 1.919, 0.872, 0.295, 1.769, 1.596, 1.008, 18.372, 5.534, 2.784, 4.406, 1.112, 1.441, 1.888, 1.358]
52.60,[357.482, 415.118, 382.236, 377.906, 394.648, 417.285, 326.491, 473.214, 31.933, 13.814, 111.444, 123.184, 25.664, 46.644, 50.382, 17.224, 47.991, 44.586, 29.231, 149.435, 27.081, 29.24, 2.8, 2.276, 0.8, 0.395, 1.705, 1.692, 0.64, 0.276, 1.236, 1.203, 1.841, 18.307, 6.087, 2.164, 3.677, 1.118, 1.482, 1.883, 1.354]
52.69,[348.396, 343.514, 381.49, 364.233, 390.72, 448.452, 318.321, 476.17, 32.913, 20.665, 113.202, 124.98, 27.264, 46.776, 50.761, 16.363, 49.63, 42.187, 28.958, 141.345, 23.317, 29.8, 2.935, 2.603, 0.655, 0.135, 1.909, 1.835, 0.032, 0.428, 1.66, 0.157, 1.178, 18.253, 5.563, 0.244, 4.167, 1.107, 1.397, 1.872, 1.336]
52.76,[360.112, 392.292, 383.823, 367.75, 386.814, 432.283, 327.249, 472.497, 32.036, 16.224, 110.466, 122.897, 28.526, 48.401, 47.903, 16.112, 49.117, 39.877, 29.254, 145.044, 25.933, 29.472, 2.718, 2.366, 0.78, 0.02, 2.023, 2.3, 0.357, 0.209, 1.459, 0.749, 1.336, 17.992, 6.269, 1.907, 4.331, 1.12, 1.422, 1.882, 1.351]
52.80,[353.668, 340.472, 374.511, 355.629, 395.627, 448.552, 314.393, 473.875, 32.03, 20.156, 113.218, 122.674, 27.364, 45.401, 47.296, 15.626, 48.973, 42.057, 27.798, 141.413, 24.117, 29.889, 2.639, 2.64, 0.725, 0.092, 1.675, 1.846, 0.191, 0.33, 1.652, 0.03, 0.836, 18.451, 5.5, 0.258, 4.291, 1.115, 1.403, 1.83, 1.302]
52.82,[360.73, 376.113, 389.481, 353.767, 379.654, 415.785, 327.991, 485.175, 32.359, 17.791, 88.099, 122.482, 29.603, 49.638, 46.538, 16.127, 48.679, 41.216, 28.306, 143.612, 25.283, 29.268, 2.389, 2.311, 0.722, 0.094, 1.329, 2.25, 0.125, 0.263, 1.616, 0.07, 1.689, 17.658, 5.965, 0.846, 4.136, 1.102, 1.432, 1.897, 1.442]
52.96,[356.52, 417.007, 390.455, 377.123, 389.116, 405.987, 325.158, 474.911, 32.523, 12.908, 110.498, 122.627, 24.997, 45.635, 49.826, 18.54, 49.372, 44.238, 29.387, 150.788, 27.292, 29.22, 2.931, 2.089, 0.82, 0.222, 1.657, 1.864, 0.634, 0.436, 1.302, 1.423, 1.862, 18.399, 6.189, 2.081, 3.848, 1.123, 1.481, 1.879, 1.363]
52.99,[349.913, 367.492, 388.073, 359.22, 383.214, 435.136, 321.388, 452.937, 32.553, 16.667, 111.453, 123.508, 27.774, 46.652, 51.687, 14.234, 44.797, 40.747, 29.177, 143.546, 24.278, 29.776, 2.689, 2.597, 0.76, 0.096, 1.987, 1.903, 0.016, 0.008, 1.881, 0.133, 1.341, 18.694, 5.88, 0.103, 4.379, 1.072, 1.453, 1.872, 1.341]
53.03,[350.87, 338.529, 383.313, 359.636, 400.919, 441.657, 321.296, 474.629, 32.854, 20.604, 113.975, 123.697, 27.381, 45.981, 45.905, 15.264, 47.186, 41.898, 28.818, 140.703, 23.194, 29.87, 2.905, 2.722, 0.611, 0.136, 1.616, 1.912, 0.153, 0.315, 1.627, 0.174, 0.876, 18.492, 5.327, 0.178, 4.317, 1.091, 1.408, 1.85, 1.316]
53.04,[357.252, 417.176, 390.631, 378.841, 388.965, 406.631, 325.404, 475.469, 32.509, 12.934, 110.475, 122.441, 25.062, 45.855, 49.727, 18.571, 49.327, 44.225, 29.539, 150.724, 27.28, 29.237, 2.914, 2.084, 0.807, 0.2, 1.678, 1.885, 0.62, 0.431, 1.318, 1.407, 1.866, 18.406, 6.164, 2.094, 3.86, 1.124, 1.479, 1.879, 1.362]
53.05,[349.377, 338.556, 386.573, 362.356, 388.199, 452.541, 317.908, 473.083, 33.664, 21.878, 114.017, 124.339, 26.135, 46.302, 50.927, 15.717, 49.107, 42.112, 27.588, 140.522, 23.132, 29.745, 2.98, 2.728, 0.578, 0.103, 1.996, 1.819, 0.058, 0.342, 1.919, 0.061, 1.283, 18.25, 5.445, 0.176, 4.206, 1.1, 1.394, 1.865, 1.339]
53.13,[355.626, 374.488, 390.476, 362.28, 371.816, 440.58, 317.685, 475.476, 32.386, 16.592, 79.049, 122.48, 27.36, 46.314, 46.505, 16.297, 49.005, 43.236, 28.523, 143.443, 25.14, 29.155, 2.405, 2.305, 0.788, 0.129, 1.141, 2.088, 0.107, 0.243, 1.43, 0.136, 1.139, 17.714, 5.901, 0.899, 4.047, 1.103, 1.431, 1.901, 1.43]
53.17,[353.427, 410.737, 390.075, 359.015, 387.504, 403.608, 324.388, 467.51, 32.197, 12.485, 112.005, 123.237, 26.262, 44.537, 46.909, 15.898, 48.874, 41.794, 28.56, 146.974, 25.22, 29.642, 2.411, 2.225, 0.699, 0.209, 1.946, 1.993, 0.464, 0.336, 1.718, 0.777, 1.846, 18.293, 6.165, 1.335, 3.9, 1.114, 1.472, 1.882, 1.328]
53.26,[346.756, 388.336, 387.965, 352.163, 387.878, 453.172, 318.773, 473.851, 31.853, 18.86, 111.702, 124.582, 27.542, 45.746, 47.867, 15.979, 46.374, 39.869, 28.76, 151.678, 25.418, 29.459, 2.897, 2.222, 0.727, 0.167, 1.62, 1.872, 0.393, 0.636, 1.717, 0.285, 1.236, 18.26, 5.599, 0.376, 4.215, 1.106, 1.424, 1.855, 1.309]
53.35,[360.504, 430.41, 392.243, 385.349, 388.294, 399.927, 325.406, 474.849, 32.35, 12.799, 111.672, 123.27, 25.297, 46.122, 50.492, 18.582, 48.943, 44.485, 29.099, 149.649, 27.448, 29.261, 2.969, 2.224, 0.822, 0.338, 1.752, 1.741, 0.565, 0.427, 1.304, 1.098, 2.029, 18.56, 5.817, 1.853, 3.769, 1.13, 1.46, 1.892, 1.365]
53.38,[348.18, 364.294, 382.049, 356.246, 403.628, 438.893, 328.627, 476.573, 31.681, 19.631, 109.023, 123.059, 29.74, 48.421, 46.368, 13.115, 48.913, 37.849, 28.154, 140.697, 24.126, 29.831, 2.663, 2.441, 0.747, 0.101, 1.689, 2.424, 0.0, 0.025, 1.581, 0.222, 1.08, 18.664, 5.859, 0.109, 4.201, 1.072, 1.412, 1.85, 1.293]
53.38,[355.943, 412.582, 395.413, 363.568, 386.748, 400.27, 323.632, 472.661, 32.187, 12.598, 111.394, 123.701, 26.326, 45.449, 47.389, 15.573, 48.434, 41.494, 27.957, 147.607, 25.264, 29.663, 2.44, 2.167, 0.659, 0.238, 2.02, 2.019, 0.386, 0.363, 1.678, 0.818, 1.792, 18.442, 5.98, 1.368, 3.765, 1.114, 1.468, 1.879, 1.325]
53.39,[355.93, 412.453, 395.43, 363.552, 386.749, 400.24, 323.607, 472.649, 32.185, 12.593, 111.412, 123.704, 26.323, 45.448, 47.378, 15.575, 48.434, 41.486, 27.955, 147.602, 25.26, 29.663, 2.439, 2.168, 0.659, 0.238, 2.022, 2.018, 0.386, 0.363, 1.678, 0.818, 1.794, 18.442, 5.979, 1.367, 3.763, 1.114, 1.468, 1.879, 1.325]
53.59,[355.245, 411.512, 398.924, 360.532, 388.183, 402.855, 322.805, 472.722, 31.519, 12.9, 111.347, 124.115, 26.203, 46.253, 47.286, 15.734, 48.889, 41.16, 28.459, 147.347, 25.305, 29.688, 2.509, 2.099, 0.642, 0.284, 1.973, 1.976, 0.362, 0.38, 1.673, 0.814, 1.622, 18.441, 6.003, 1.223, 3.779, 1.108, 1.461, 1.88, 1.325]
53.64,[348.357, 366.75, 382.174, 355.633, 403.52, 434.747, 327.807, 481.44, 31.413, 19.604, 109.647, 123.375, 29.892, 48.442, 46.475, 13.979, 49.155, 37.902, 29.36, 139.564, 24.143, 29.845, 2.64, 2.399, 0.729, 0.235, 1.702, 2.299, 0.0, 0.025, 1.692, 0.449, 1.074, 18.475, 5.849, 0.113, 4.181, 1.072, 1.41, 1.85, 1.295]
53.64,[348.349, 370.022, 386.959, 353.325, 403.98, 434.913, 320.999, 482.554, 30.844, 19.504, 109.89, 123.334, 30.263, 46.832, 46.446, 14.268, 49.577, 37.896, 29.077, 139.124, 24.138, 29.925, 2.543, 2.606, 0.794, 0.213, 1.702, 2.306, 0.0, 0.025, 1.784, 0.404, 1.099, 18.47, 5.847, 0.1, 4.303, 1.075, 1.408, 1.869, 1.294]
53.66,[353.266, 454.108, 396.36, 393.147, 377.552, 417.511, 328.777, 478.869, 33.348, 14.833, 111.376, 121.54, 25.06, 46.973, 50.326, 19.56, 49.621, 44.042, 30.702, 145.856, 27.654, 29.107, 3.025, 1.909, 0.767, 0.311, 1.436, 1.715, 0.537, 0.204, 1.407, 0.571, 1.208, 18.659, 5.594, 0.907, 3.902, 1.131, 1.456, 1.888, 1.374]
53.70,[356.964, 420.312, 391.08, 378.773, 388.821, 403.15, 323.903, 474.373, 32.601, 12.544, 110.475, 122.508, 24.711, 45.385, 50.294, 19.052, 49.369, 44.709, 29.395, 151.631, 27.551, 29.216, 2.971, 2.066, 0.84, 0.23, 1.657, 1.859, 0.693, 0.475, 1.268, 1.507, 1.909, 18.388, 6.254, 2.205, 3.788, 1.125, 1.485, 1.88, 1.365]
53.74,[348.221, 365.998, 392.032, 356.911, 392.467, 444.37, 319.504, 482.767, 31.911, 18.614, 111.603, 123.148, 28.501, 45.053, 47.078, 14.883, 49.284, 40.232, 29.446, 141.617, 24.262, 29.501, 2.811, 2.193, 0.699, 0.044, 1.453, 1.972, 0.463, 0.573, 1.925, 0.243, 1.296, 18.409, 5.57, 1.875, 4.465, 1.112, 1.409, 1.862, 1.314]
53.75,[349.549, 366.34, 392.538, 359.696, 391.293, 444.956, 317.484, 483.719, 32.119, 18.265, 111.6, 123.216, 28.484, 45.077, 47.028, 14.92, 49.626, 40.011, 29.338, 141.74, 24.184, 29.454, 2.759, 2.263, 0.66, 0.092, 1.41, 2.045, 0.495, 0.629, 1.898, 0.255, 1.308, 18.408, 5.685, 1.806, 4.419, 1.109, 1.405, 1.858, 1.319]
53.76,[353.984, 422.327, 387.362, 378.03, 386.08, 417.766, 312.79, 481.659, 32.074, 12.352, 111.301, 122.619, 23.31, 46.596, 50.698, 19.209, 48.569, 44.459, 29.642, 150.055, 27.538, 29.222, 2.869, 2.339, 0.816, 0.085, 1.636, 1.774, 0.498, 0.309, 1.036, 1.084, 1.352, 18.373, 6.028, 2.032, 3.437, 1.134, 1.475, 1.883, 1.388]
53.79,[358.133, 417.559, 383.358, 366.228, 368.129, 399.64, 327.945, 468.055, 33.844, 13.1, 107.735, 123.94, 27.849, 50.933, 45.181, 17.261, 48.768, 40.364, 29.19, 147.212, 25.516, 29.43, 2.801, 2.648, 0.783, 0.091, 1.976, 2.276, 0.012, 0.103, 1.438, 0.466, 1.118, 17.704, 6.0, 1.962, 4.298, 1.106, 1.422, 1.881, 1.361]
53.82,[352.76, 355.918, 385.834, 355.427, 402.042, 435.117, 314.523, 475.269, 32.249, 19.854, 111.03, 121.805, 26.817, 45.551, 45.701, 13.794, 46.886, 40.311, 28.631, 140.491, 24.581, 29.611, 2.838, 2.69, 0.675, 0.313, 1.761, 1.889, 0.082, 0.402, 1.644, 0.31, 1.516, 18.282, 5.155, 0.197, 4.359, 1.113, 1.427, 1.822, 1.313]
53.83,[348.08, 369.166, 386.826, 352.19, 404.528, 435.565, 320.899, 482.65, 30.781, 19.718, 109.94, 123.323, 30.356, 46.815, 46.362, 14.189, 49.578, 37.833, 29.051, 138.843, 24.079, 29.936, 2.532, 2.621, 0.797, 0.213, 1.698, 2.315, 0.0, 0.017, 1.786, 0.389, 1.076, 18.47, 5.852, 0.053, 4.315, 1.073, 1.407, 1.869, 1.293]
53.89,[356.421, 424.5, 386.058, 366.772, 385.926, 385.379, 332.969, 469.836, 33.305, 14.668, 109.016, 126.012, 28.276, 48.599, 48.394, 17.16, 47.949, 41.094, 28.543, 146.916, 25.562, 29.454, 2.702, 2.435, 0.788, 0.159, 2.051, 2.36, 0.039, 0.224, 1.618, 0.816, 1.302, 17.705, 6.267, 1.694, 4.076, 1.1, 1.43, 1.88, 1.364]
53.89,[354.005, 422.208, 378.051, 372.993, 377.139, 402.272, 326.707, 462.059, 33.189, 13.421, 109.871, 124.826, 26.654, 45.575, 46.958, 15.055, 47.613, 40.997, 28.624, 146.099, 25.511, 29.655, 2.799, 2.213, 0.67, 0.185, 1.998, 1.972, 0.299, 0.161, 1.814, 0.49, 1.726, 17.925, 5.895, 1.007, 4.032, 1.122, 1.455, 1.873, 1.332]
53.90,[359.97, 446.519, 394.845, 372.451, 393.191, 382.04, 335.389, 480.05, 32.306, 12.34, 107.168, 119.368, 28.784, 46.704, 46.857, 18.534, 48.498, 42.847, 25.701, 147.288, 25.769, 29.543, 2.872, 2.475, 0.679, 0.0, 1.846, 2.476, 0.0, 0.177, 0.725, 1.06, 1.346, 17.444, 6.493, 1.475, 4.209, 1.093, 1.424, 1.869, 1.358]
53.91,[353.04, 424.726, 394.18, 384.706, 377.212, 397.683, 323.687, 477.564, 33.52, 14.078, 111.856, 123.138, 24.406, 45.257, 52.377, 19.236, 49.423, 45.859, 29.073, 148.06, 26.835, 29.436, 2.928, 2.162, 0.792, 0.227, 1.789, 1.654, 0.729, 0.426, 1.406, 0.891, 1.771, 18.653, 5.581, 1.678, 3.807, 1.135, 1.447, 1.892, 1.403]
53.96,[351.679, 424.956, 383.432, 374.524, 389.989, 422.785, 323.086, 475.634, 32.921, 15.891, 112.395, 123.424, 26.614, 46.578, 52.367, 17.516, 48.762, 42.926, 29.141, 144.254, 27.028, 29.678, 2.828, 2.45, 0.708, 0.252, 1.815, 1.861, 0.399, 0.282, 1.573, 0.329, 1.886, 18.318, 5.478, 1.239, 3.894, 1.131, 1.432, 1.879, 1.367]
53.97,[349.216, 332.659, 374.506, 357.213, 392.936, 449.376, 315.014, 471.297, 31.726, 19.369, 112.68, 123.954, 26.852, 44.468, 47.662, 15.807, 48.929, 40.894, 27.835, 141.261, 24.09, 29.828, 2.915, 2.592, 0.706, 0.055, 1.758, 2.046, 0.193, 0.407, 1.582, 0.144, 0.878, 18.476, 5.517, 0.265, 4.286, 1.105, 1.397, 1.86, 1.341]
54.00,[346.807, 366.555, 385.12, 357.886, 403.723, 438.424, 330.318, 477.628, 31.47, 19.321, 108.613, 123.06, 30.086, 48.103, 46.439, 13.295, 49.85, 37.753, 28.668, 140.517, 24.093, 29.87, 2.618, 2.527, 0.619, 0.093, 1.782, 2.391, 0.0, 0.049, 1.636, 0.29, 1.004, 18.569, 5.837, 0.181, 4.126, 1.079, 1.411, 1.851, 1.298]
54.05,[351.859, 414.11, 387.286, 368.359, 375.907, 403.233, 322.549, 463.204, 32.611, 13.492, 110.531, 124.369, 26.602, 45.36, 46.961, 15.642, 47.746, 40.833, 28.13, 146.801, 25.393, 29.669, 2.765, 2.236, 0.627, 0.164, 1.981, 2.053, 0.2, 0.21, 1.89, 0.62, 1.78, 18.095, 6.006, 1.09, 3.971, 1.109, 1.457, 1.877, 1.331]
54.09,[361.359, 431.469, 392.883, 386.308, 388.584, 397.589, 327.059, 473.956, 32.387, 12.857, 111.72, 123.355, 25.558, 46.06, 50.465, 18.499, 48.992, 44.489, 29.028, 149.596, 27.436, 29.266, 2.983, 2.209, 0.823, 0.371, 1.767, 1.737, 0.573, 0.442, 1.339, 1.1, 2.118, 18.585, 5.789, 1.829, 3.813, 1.13, 1.458, 1.894, 1.362]
54.10,[357.271, 432.779, 393.805, 381.418, 390.614, 417.549, 325.077, 475.402, 32.471, 12.868, 110.751, 122.978, 26.087, 46.564, 50.995, 18.978, 48.996, 42.537, 29.116, 143.939, 27.542, 29.357, 2.918, 2.101, 0.801, 0.325, 1.771, 1.723, 0.688, 0.49, 1.267, 1.065, 2.012, 18.559, 5.692, 1.945, 3.829, 1.131, 1.458, 1.887, 1.377]
54.11,[356.344, 413.959, 395.879, 363.091, 386.592, 398.808, 323.972, 472.209, 32.135, 12.26, 111.362, 123.72, 26.293, 45.467, 47.17, 15.461, 48.35, 41.362, 27.882, 147.893, 25.255, 29.659, 2.41, 2.148, 0.649, 0.244, 2.035, 2.03, 0.388, 0.373, 1.684, 0.841, 1.829, 18.437, 6.011, 1.407, 3.745, 1.114, 1.471, 1.879, 1.322]
54.20,[350.767, 403.448, 393.989, 362.655, 395.168, 413.547, 321.111, 477.858, 31.728, 14.771, 107.859, 124.431, 27.463, 47.571, 48.085, 15.647, 49.101, 40.166, 27.519, 146.418, 24.909, 29.806, 2.38, 2.18, 0.786, 0.281, 1.819, 2.082, 0.281, 0.199, 1.468, 0.71, 1.066, 18.434, 6.511, 0.743, 4.177, 1.105, 1.503, 1.881, 1.306]
54.27,[353.743, 355.003, 383.329, 353.721, 398.766, 431.894, 318.738, 479.431, 32.165, 17.847, 111.506, 121.575, 26.899, 46.06, 48.356, 13.935, 49.976, 41.598, 28.315, 140.86, 26.116, 29.789, 2.787, 2.652, 0.518, 0.063, 1.832, 1.861, 0.273, 0.116, 1.592, 0.647, 0.624, 18.415, 5.345, 1.651, 4.065, 1.087, 1.44, 1.872, 1.31]
54.31,[366.312, 369.762, 383.125, 368.857, 392.761, 429.933, 315.65, 474.353, 31.906, 16.796, 110.317, 123.739, 28.266, 45.636, 49.458, 18.292, 49.124, 41.878, 29.158, 144.665, 26.89, 28.931, 2.866, 2.37, 0.713, 0.431, 1.916, 2.072, 0.779, 0.375, 1.587, 1.067, 1.395, 18.404, 5.59, 1.488, 4.139, 1.104, 1.473, 1.881, 1.371]
54.41,[357.132, 419.592, 399.122, 366.967, 384.572, 398.969, 325.602, 469.94, 31.77, 12.18, 111.22, 123.687, 25.531, 46.169, 48.187, 16.365, 49.008, 42.329, 28.935, 148.428, 25.885, 29.581, 2.567, 2.129, 0.704, 0.381, 1.862, 1.878, 0.486, 0.454, 1.62, 0.979, 1.788, 18.453, 5.951, 1.528, 3.762, 1.119, 1.457, 1.881, 1.346]
54.44,[349.571, 399.073, 394.484, 358.269, 397.256, 412.383, 318.495, 477.868, 31.504, 14.984, 108.81, 124.938, 27.653, 47.094, 47.137, 15.115, 48.998, 39.656, 27.331, 145.887, 24.571, 29.855, 2.379, 2.139, 0.755, 0.21, 1.937, 2.123, 0.21, 0.18, 1.549, 0.625, 1.042, 18.41, 6.403, 0.608, 4.078, 1.097, 1.494, 1.88, 1.294]
54.46,[357.252, 355.024, 390.631, 355.569, 388.965, 444.479, 325.404, 479.411, 32.509, 19.878, 110.475, 122.486, 25.062, 47.874, 49.727, 12.86, 49.327, 37.467, 29.539, 140.005, 27.28, 29.941, 2.914, 2.539, 0.807, 0.094, 1.678, 2.348, 0.62, 0.014, 1.318, 0.142, 1.866, 18.689, 6.164, 0.048, 3.86, 1.077, 1.479, 1.846, 1.362]
54.52,[359.624, 427.265, 386.441, 367.353, 385.673, 385.447, 328.5, 471.35, 33.535, 14.415, 108.664, 125.649, 28.094, 48.452, 47.821, 16.617, 48.649, 40.387, 29.132, 147.175, 25.583, 29.425, 2.715, 2.356, 0.793, 0.08, 1.983, 2.366, 0.08, 0.263, 1.558, 0.764, 1.337, 17.729, 6.257, 1.73, 4.228, 1.103, 1.425, 1.882, 1.363]
54.53,[352.517, 431.446, 388.686, 369.879, 386.663, 421.626, 315.653, 478.069, 30.581, 14.377, 112.046, 122.954, 26.896, 44.909, 47.466, 17.383, 50.744, 41.61, 29.057, 142.997, 25.267, 29.796, 2.828, 2.403, 0.73, 0.128, 1.823, 1.894, 0.391, 0.084, 1.787, 0.479, 1.211, 18.748, 5.82, 0.737, 4.089, 1.11, 1.472, 1.88, 1.365]
54.53,[357.289, 435.47, 394.305, 382.118, 390.62, 417.141, 325.373, 475.498, 32.469, 12.655, 110.7, 122.995, 26.053, 46.597, 51.083, 19.044, 48.982, 42.508, 29.138, 143.801, 27.635, 29.35, 2.927, 2.086, 0.802, 0.331, 1.773, 1.713, 0.702, 0.493, 1.257, 1.08, 2.047, 18.573, 5.683, 1.986, 3.819, 1.132, 1.459, 1.888, 1.379]
54.55,[354.987, 384.941, 388.833, 354.033, 404.878, 436.715, 327.057, 473.79, 32.308, 16.841, 110.015, 124.295, 29.913, 47.056, 46.444, 15.043, 48.629, 39.889, 29.738, 143.442, 24.843, 29.74, 2.591, 2.615, 0.807, 0.063, 1.7, 2.41, 0.025, 0.141, 1.294, 0.575, 0.927, 18.031, 5.915, 0.795, 4.146, 1.09, 1.432, 1.874, 1.303]
54.60,[354.392, 423.596, 393.767, 379.395, 387.188, 408.762, 315.972, 479.043, 32.019, 12.524, 111.007, 123.0, 25.753, 46.964, 50.658, 18.717, 48.363, 46.915, 29.594, 150.615, 27.454, 29.215, 2.953, 2.434, 0.829, 0.084, 1.649, 1.939, 0.368, 0.457, 1.412, 1.099, 1.608, 18.326, 6.043, 1.884, 3.436, 1.136, 1.486, 1.887, 1.355]
54.64,[362.964, 445.726, 393.482, 388.599, 383.081, 375.443, 325.973, 475.047, 33.602, 12.312, 112.023, 123.573, 25.782, 46.463, 50.48, 19.381, 48.311, 43.175, 29.148, 149.652, 27.241, 29.275, 3.099, 2.022, 0.758, 0.241, 2.019, 1.876, 0.283, 0.293, 1.499, 0.775, 1.962, 18.294, 5.732, 1.71, 4.165, 1.131, 1.422, 1.91, 1.372]
54.65,[346.803, 365.445, 385.64, 352.806, 408.712, 435.852, 326.648, 479.022, 31.67, 18.578, 108.829, 123.839, 29.387, 47.205, 46.169, 13.979, 49.759, 38.039, 29.632, 139.205, 24.114, 30.0, 2.44, 2.604, 0.771, 0.0, 1.609, 2.315, 0.027, 0.071, 1.674, 0.31, 1.119, 18.408, 5.824, 0.196, 4.204, 1.089, 1.412, 1.856, 1.293]
54.66,[357.535, 427.221, 385.511, 336.965, 381.51, 396.054, 324.713, 479.582, 34.687, 11.907, 109.16, 123.854, 28.458, 51.691, 44.62, 17.922, 48.767, 40.36, 29.213, 143.371, 26.05, 29.426, 2.371, 2.444, 0.793, 0.143, 1.556, 2.218, 0.01, 0.092, 1.315, 0.458, 1.278, 18.006, 5.997, 2.232, 4.338, 1.089, 1.43, 1.878, 1.318]
54.68,[347.429, 364.746, 385.301, 363.088, 410.72, 442.292, 327.708, 473.8, 32.338, 19.096, 111.383, 124.245, 29.956, 46.72, 47.943, 15.105, 48.647, 40.541, 29.899, 142.412, 24.999, 29.756, 2.867, 2.55, 0.6, 0.01, 1.632, 2.372, 0.038, 0.123, 1.562, 0.309, 0.908, 18.08, 5.941, 0.707, 4.16, 1.098, 1.395, 1.888, 1.3]
54.69,[346.396, 365.03, 386.016, 352.14, 408.489, 436.054, 326.912, 478.065, 31.643, 18.496, 108.725, 123.64, 29.414, 47.143, 45.99, 14.015, 49.796, 37.978, 29.576, 139.202, 24.124, 29.966, 2.457, 2.586, 0.761, 0.006, 1.603, 2.329, 0.031, 0.076, 1.665, 0.34, 1.124, 18.394, 5.847, 0.156, 4.202, 1.089, 1.412, 1.856, 1.294]
54.73,[357.217, 429.569, 388.26, 375.164, 380.709, 428.416, 323.423, 472.696, 31.279, 14.673, 110.27, 123.048, 27.281, 46.137, 47.063, 16.202, 50.78, 42.1, 29.06, 145.319, 25.512, 29.519, 2.832, 2.37, 0.72, 0.13, 1.823, 2.064, 0.397, 0.075, 2.079, 0.364, 1.423, 17.849, 5.943, 1.176, 3.914, 1.11, 1.468, 1.876, 1.348]
54.77,[352.406, 431.569, 389.164, 371.482, 387.846, 402.217, 327.686, 466.956, 32.912, 16.053, 103.913, 126.251, 28.624, 48.8, 46.261, 16.412, 48.427, 40.669, 28.193, 143.681, 24.899, 29.445, 2.547, 2.487, 0.786, 0.065, 1.657, 2.506, 0.047, 0.287, 1.784, 1.153, 1.217, 17.821, 6.53, 0.992, 4.065, 1.098, 1.492, 1.879, 1.353]
54.80,[352.279, 336.125, 394.374, 364.378, 399.885, 449.334, 303.551, 476.033, 32.739, 21.971, 112.292, 122.676, 27.152, 46.573, 43.365, 16.907, 48.67, 38.823, 25.34, 137.806, 24.81, 29.719, 2.15, 2.673, 0.62, 0.043, 1.755, 1.954, 0.272, 0.618, 1.825, 0.034, 0.855, 18.314, 5.471, 0.431, 4.576, 1.099, 1.399, 1.854, 1.273]
54.81,[352.98, 465.316, 392.743, 378.554, 385.974, 397.29, 322.95, 479.026, 32.037, 16.361, 110.019, 130.402, 29.578, 48.577, 47.84, 17.182, 49.111, 39.117, 29.713, 145.442, 25.574, 29.345, 2.778, 2.375, 0.835, 0.032, 1.844, 1.737, 0.513, 0.38, 1.256, 0.428, 1.296, 17.994, 7.442, 1.21, 4.093, 1.106, 1.473, 1.87, 1.367]
54.87,[352.17, 336.505, 394.613, 364.103, 398.72, 449.761, 303.457, 476.295, 32.872, 21.831, 112.316, 122.585, 27.06, 46.496, 43.425, 16.934, 48.648, 38.924, 25.449, 137.723, 24.802, 29.745, 2.156, 2.665, 0.612, 0.04, 1.745, 1.954, 0.281, 0.606, 1.855, 0.043, 0.86, 18.311, 5.474, 0.44, 4.588, 1.1, 1.399, 1.852, 1.274]
54.88,[351.375, 383.615, 383.631, 360.151, 392.282, 435.204, 340.953, 480.812, 31.68, 16.656, 110.63, 123.918, 27.993, 48.278, 44.988, 12.833, 49.62, 39.282, 29.331, 141.974, 24.627, 29.245, 2.494, 2.315, 0.606, 0.131, 1.669, 1.93, 0.004, 0.018, 1.629, 0.557, 1.376, 18.529, 5.507, 0.81, 4.496, 1.108, 1.447, 1.876, 1.339]
54.90,[357.264, 429.81, 392.202, 379.734, 377.275, 403.158, 326.425, 482.372, 32.402, 16.349, 110.807, 131.916, 29.865, 49.223, 47.835, 17.263, 48.234, 42.293, 29.852, 146.648, 26.481, 29.401, 2.848, 2.397, 0.864, 0.079, 1.822, 1.735, 0.525, 0.367, 1.208, 0.457, 1.519, 18.383, 6.334, 1.066, 4.171, 1.138, 1.45, 1.883, 1.367]
54.90,[356.78, 417.045, 387.254, 372.329, 378.222, 403.471, 323.85, 456.84, 34.437, 13.569, 110.523, 123.143, 26.506, 43.63, 46.314, 18.376, 45.988, 39.359, 28.735, 145.735, 25.575, 29.511, 3.042, 2.672, 0.717, 0.024, 1.839, 2.138, 0.048, 0.047, 2.045, 0.488, 1.732, 17.882, 5.959, 1.202, 3.918, 1.111, 1.439, 1.876, 1.351]
54.93,[351.106, 396.714, 380.955, 364.358, 374.35, 436.124, 317.728, 480.438, 33.434, 15.768, 112.282, 124.304, 27.692, 42.626, 44.038, 16.006, 47.653, 39.381, 28.926, 149.524, 23.623, 29.597, 2.898, 2.683, 0.637, 0.246, 1.963, 1.885, 0.0, 0.02, 1.568, 0.493, 0.98, 17.646, 5.826, 0.832, 4.204, 1.132, 1.39, 1.875, 1.325]
54.95,[351.407, 378.89, 383.246, 358.097, 392.514, 438.698, 339.624, 481.119, 31.628, 17.101, 110.754, 123.998, 28.292, 48.52, 44.438, 12.639, 49.409, 38.81, 29.295, 141.061, 24.306, 29.272, 2.479, 2.355, 0.594, 0.127, 1.665, 1.932, 0.0, 0.0, 1.69, 0.46, 1.324, 18.525, 5.438, 0.646, 4.546, 1.106, 1.442, 1.875, 1.336]
54.95,[353.676, 454.144, 384.472, 366.548, 388.761, 420.198, 321.265, 469.981, 32.054, 13.036, 113.493, 122.932, 26.368, 46.108, 40.701, 17.331, 48.89, 45.872, 28.946, 147.513, 24.011, 29.631, 2.704, 2.455, 0.694, 0.262, 1.704, 1.939, 0.944, 0.295, 1.769, 1.089, 1.21, 18.103, 5.462, 0.886, 3.856, 1.112, 1.445, 1.868, 1.334]
54.98,[350.767, 366.105, 393.989, 354.31, 395.168, 444.978, 321.111, 472.847, 31.728, 18.202, 107.859, 121.758, 27.463, 46.269, 48.085, 15.893, 49.101, 40.447, 27.519, 141.327, 24.909, 29.468, 2.38, 2.507, 0.786, 0.102, 1.819, 1.797, 0.281, 0.048, 1.468, 0.217, 1.066, 18.341, 6.511, 0.423, 4.177, 1.109, 1.503, 1.853, 1.306]
55.04,[350.77, 353.93, 390.261, 353.409, 398.34, 433.385, 320.691, 480.795, 32.605, 21.282, 110.328, 123.326, 28.28, 46.939, 45.26, 14.257, 49.559, 35.961, 29.564, 137.791, 24.043, 29.564, 2.99, 2.373, 0.742, 0.349, 1.887, 2.604, 0.18, 0.0, 1.737, 0.0, 0.988, 18.699, 5.521, 0.343, 4.043, 1.086, 1.417, 1.829, 1.285]
55.08,[355.319, 366.861, 386.935, 353.812, 404.149, 445.422, 317.899, 472.062, 32.226, 18.238, 112.249, 122.84, 28.031, 45.945, 47.552, 16.066, 50.233, 41.482, 29.778, 143.46, 24.897, 29.641, 2.692, 2.513, 0.852, 0.133, 1.863, 2.213, 0.212, 0.146, 1.424, 0.643, 0.912, 18.319, 6.132, 1.122, 3.903, 1.1, 1.471, 1.87, 1.317]
55.08,[362.161, 418.169, 390.745, 378.182, 392.813, 411.898, 325.052, 472.218, 31.975, 13.454, 111.012, 123.869, 26.207, 46.527, 49.776, 17.853, 49.038, 44.728, 29.155, 150.285, 27.152, 29.264, 2.808, 2.36, 0.82, 0.334, 1.699, 1.826, 0.651, 0.37, 1.22, 1.205, 1.813, 18.413, 6.09, 2.031, 3.662, 1.122, 1.484, 1.883, 1.36]
55.09,[346.21, 355.024, 384.389, 355.569, 406.002, 444.479, 330.023, 479.411, 31.285, 19.878, 109.499, 122.486, 30.202, 47.874, 46.51, 12.86, 49.933, 37.467, 28.728, 140.005, 23.945, 29.941, 2.64, 2.539, 0.591, 0.094, 1.798, 2.348, 0.0, 0.014, 1.613, 0.142, 0.961, 18.689, 5.702, 0.048, 4.145, 1.077, 1.398, 1.846, 1.29]
55.12,[354.462, 460.914, 392.598, 379.899, 386.362, 398.68, 323.466, 480.915, 32.187, 15.795, 110.107, 128.904, 29.342, 48.501, 47.393, 17.302, 49.158, 40.159, 29.335, 145.84, 25.848, 29.358, 2.78, 2.427, 0.823, 0.112, 1.789, 1.78, 0.587, 0.396, 1.278, 0.676, 1.424, 18.111, 7.229, 1.182, 4.045, 1.107, 1.473, 1.874, 1.363]
55.14,[356.226, 437.144, 394.987, 381.049, 391.39, 422.837, 325.362, 475.712, 32.508, 12.607, 110.379, 122.905, 26.303, 46.754, 51.278, 19.198, 48.995, 41.853, 29.151, 141.866, 27.697, 29.38, 2.914, 2.041, 0.795, 0.328, 1.779, 1.704, 0.747, 0.515, 1.241, 1.074, 2.053, 18.578, 5.639, 2.03, 3.836, 1.132, 1.459, 1.887, 1.384]
55.22,[356.088, 371.114, 386.824, 381.833, 390.885, 434.144, 319.242, 479.569, 32.915, 14.942, 109.229, 124.104, 28.447, 46.869, 48.371, 15.643, 49.681, 38.715, 29.799, 145.468, 24.945, 29.814, 2.899, 2.363, 0.679, 0.13, 1.867, 2.089, 0.24, 0.149, 1.852, 0.496, 1.499, 18.294, 5.59, 1.037, 4.056, 1.114, 1.423, 1.885, 1.322]
55.22,[351.143, 428.689, 394.701, 377.437, 385.935, 417.687, 324.816, 478.046, 32.781, 15.634, 112.16, 122.95, 26.08, 46.551, 51.365, 16.698, 48.897, 42.538, 29.111, 143.28, 26.086, 29.696, 2.857, 2.278, 0.728, 0.299, 1.821, 1.871, 0.372, 0.234, 1.622, 0.794, 1.797, 18.574, 5.605, 1.459, 4.024, 1.111, 1.43, 1.884, 1.375]
55.22,[356.083, 360.774, 384.373, 377.091, 389.619, 439.431, 310.401, 468.505, 31.94, 14.668, 114.25, 124.004, 28.054, 44.557, 49.37, 17.019, 49.717, 42.642, 28.996, 141.39, 25.147, 29.258, 2.889, 2.672, 0.786, 0.073, 1.81, 1.995, 0.659, 0.304, 1.703, 1.083, 1.268, 18.381, 5.591, 0.31, 3.871, 1.108, 1.433, 1.876, 1.344]
55.28,[362.319, 453.853, 389.388, 382.629, 387.873, 375.302, 329.878, 471.994, 33.866, 12.602, 111.802, 125.789, 26.48, 47.579, 48.135, 17.603, 48.792, 40.618, 28.976, 151.223, 27.216, 29.206, 2.903, 2.245, 0.734, 0.043, 2.065, 2.653, 0.307, 0.397, 1.401, 1.102, 1.338, 18.779, 6.432, 2.479, 4.162, 1.134, 1.421, 1.89, 1.393]
55.29,[348.462, 375.322, 378.913, 369.171, 382.054, 459.45, 338.001, 464.056, 32.464, 16.631, 107.075, 120.524, 27.847, 50.5, 48.449, 15.411, 47.603, 40.804, 27.205, 139.539, 25.174, 29.145, 2.739, 2.516, 0.795, 0.0, 1.704, 1.489, 0.167, 0.0, 1.249, 0.904, 1.205, 18.128, 7.392, 0.456, 4.339, 1.088, 1.505, 1.844, 1.331]
55.32,[359.876, 441.165, 392.898, 392.537, 386.006, 390.065, 324.653, 476.857, 32.708, 12.177, 112.753, 122.699, 24.448, 45.542, 50.987, 19.168, 48.777, 44.149, 28.988, 148.964, 27.741, 29.256, 3.179, 2.134, 0.834, 0.342, 1.838, 1.643, 0.404, 0.475, 1.391, 0.945, 2.247, 18.682, 5.502, 1.608, 3.88, 1.14, 1.436, 1.902, 1.363]
55.32,[360.229, 469.367, 386.608, 368.983, 385.322, 413.464, 333.645, 477.635, 32.877, 15.211, 103.464, 122.38, 27.556, 46.089, 52.711, 14.547, 48.177, 44.724, 28.493, 149.582, 27.13, 29.931, 2.819, 1.786, 0.799, 0.342, 1.468, 2.264, 0.447, 0.239, 1.679, 0.73, 0.865, 18.54, 6.169, 1.645, 4.36, 1.119, 1.44, 1.912, 1.347]
55.33,[356.087, 409.483, 394.004, 364.493, 387.084, 403.392, 323.188, 472.539, 32.267, 13.103, 111.405, 123.563, 26.371, 45.489, 47.643, 15.912, 48.494, 41.652, 28.071, 147.404, 25.361, 29.636, 2.49, 2.198, 0.676, 0.233, 1.982, 2.004, 0.389, 0.368, 1.655, 0.813, 1.744, 18.416, 5.962, 1.351, 3.797, 1.114, 1.465, 1.879, 1.327]
55.35,[346.454, 367.632, 384.839, 362.877, 414.779, 449.748, 335.017, 474.062, 32.903, 20.472, 115.258, 123.589, 27.804, 46.393, 49.636, 16.617, 48.364, 41.854, 30.225, 141.822, 24.525, 30.0, 2.86, 2.602, 0.651, 0.028, 1.672, 1.913, 0.037, 0.078, 1.547, 0.225, 1.095, 18.21, 5.691, 0.358, 4.141, 1.099, 1.417, 1.867, 1.322]
55.35,[346.578, 367.756, 384.722, 362.981, 414.976, 449.565, 334.903, 474.164, 32.861, 20.46, 115.27, 123.592, 27.818, 46.403, 49.642, 16.568, 48.314, 41.87, 30.258, 141.818, 24.522, 30.061, 2.855, 2.601, 0.655, 0.027, 1.671, 1.909, 0.038, 0.081, 1.549, 0.229, 1.099, 18.21, 5.695, 0.357, 4.143, 1.1, 1.417, 1.867, 1.322]
55.36,[354.293, 416.335, 392.532, 375.576, 389.017, 416.974, 328.817, 477.831, 32.387, 14.146, 105.059, 122.934, 26.902, 48.978, 50.875, 17.213, 49.403, 41.668, 28.075, 147.982, 25.904, 29.661, 2.381, 2.3, 0.88, 0.491, 1.469, 1.961, 0.491, 0.255, 1.228, 0.961, 1.138, 18.506, 6.831, 1.138, 4.471, 1.127, 1.528, 1.884, 1.34]
55.37,[349.293, 355.14, 395.767, 363.926, 401.486, 450.609, 306.891, 476.363, 32.856, 21.111, 113.362, 123.58, 26.775, 47.062, 45.656, 16.376, 48.44, 38.622, 27.361, 137.969, 24.666, 29.65, 2.167, 2.669, 0.769, 0.03, 1.742, 1.942, 0.384, 0.338, 1.921, 0.036, 0.836, 18.279, 5.489, 0.415, 4.393, 1.107, 1.429, 1.851, 1.32]
55.42,[359.056, 447.263, 392.15, 384.069, 387.567, 402.991, 325.066, 486.774, 32.652, 14.036, 110.381, 124.258, 28.61, 48.265, 46.007, 17.676, 49.303, 43.389, 28.165, 147.074, 26.696, 29.401, 2.785, 2.589, 0.785, 0.362, 1.621, 1.915, 0.815, 0.446, 1.346, 1.448, 1.822, 18.474, 6.569, 1.095, 3.897, 1.109, 1.471, 1.885, 1.352]
55.43,[354.308, 467.947, 391.348, 379.017, 383.506, 399.775, 323.179, 479.251, 32.143, 16.503, 109.84, 130.409, 29.561, 48.255, 47.81, 17.09, 49.115, 39.097, 30.209, 145.51, 25.633, 29.298, 2.776, 2.382, 0.866, 0.062, 1.814, 1.75, 0.488, 0.386, 1.246, 0.419, 1.327, 17.963, 7.388, 1.29, 4.056, 1.101, 1.471, 1.868, 1.367]
55.44,[351.188, 379.68, 384.658, 362.384, 391.813, 437.421, 334.611, 479.352, 31.893, 16.487, 110.688, 123.754, 28.075, 48.346, 44.484, 12.774, 49.268, 39.081, 29.568, 142.146, 24.583, 29.373, 2.497, 2.32, 0.669, 0.156, 1.661, 1.919, 0.051, 0.068, 1.66, 0.567, 1.428, 18.445, 5.495, 0.755, 4.479, 1.104, 1.447, 1.874, 1.335]
55.47,[354.293, 437.144, 392.532, 381.049, 389.017, 422.837, 328.817, 475.712, 32.387, 12.607, 105.059, 122.905, 26.902, 46.754, 50.875, 19.198, 49.403, 41.853, 28.075, 141.866, 25.904, 29.38, 2.381, 2.041, 0.88, 0.328, 1.469, 1.704, 0.491, 0.515, 1.228, 1.074, 1.138, 18.578, 6.831, 2.03, 4.471, 1.132, 1.528, 1.887, 1.34]
55.50,[357.18, 412.339, 399.089, 379.531, 377.949, 374.137, 325.957, 476.804, 32.565, 11.944, 109.995, 122.802, 25.389, 46.782, 50.36, 18.882, 49.636, 44.65, 29.337, 150.004, 27.291, 29.279, 2.829, 2.035, 0.789, 0.35, 1.7, 1.851, 0.659, 0.51, 1.249, 1.298, 2.134, 18.869, 6.092, 2.0, 3.826, 1.13, 1.482, 1.889, 1.387]
55.54,[344.021, 365.817, 389.442, 353.155, 398.59, 449.515, 319.396, 486.573, 31.152, 19.932, 112.027, 123.484, 30.888, 46.697, 46.234, 15.014, 46.607, 37.806, 29.11, 141.579, 24.04, 30.063, 2.486, 2.496, 0.722, 0.157, 1.752, 1.598, 0.174, 0.026, 1.991, 0.355, 1.201, 18.328, 5.849, 0.062, 4.485, 1.071, 1.408, 1.866, 1.299]
55.58,[362.939, 447.789, 392.742, 390.04, 380.319, 375.865, 326.379, 474.929, 33.942, 12.251, 111.663, 123.97, 25.397, 47.002, 50.043, 18.649, 48.78, 42.949, 29.295, 149.539, 27.226, 29.232, 3.116, 2.064, 0.804, 0.185, 1.932, 1.901, 0.279, 0.366, 1.441, 0.877, 1.988, 18.275, 5.859, 1.832, 4.088, 1.134, 1.422, 1.903, 1.374]
55.58,[354.28, 452.49, 387.828, 379.642, 372.474, 420.844, 332.089, 478.782, 32.036, 12.122, 110.961, 123.348, 23.912, 46.452, 51.325, 20.176, 49.166, 44.882, 29.248, 149.444, 27.668, 29.267, 2.764, 2.15, 0.811, 0.363, 1.728, 1.823, 0.615, 0.295, 1.228, 1.219, 2.097, 18.415, 6.046, 2.001, 3.627, 1.132, 1.448, 1.895, 1.382]
55.61,[353.206, 419.978, 400.13, 369.015, 377.748, 404.261, 325.398, 470.017, 32.903, 11.93, 110.32, 124.213, 26.592, 45.54, 46.403, 16.628, 47.748, 41.834, 28.011, 148.973, 26.107, 29.634, 2.483, 2.159, 0.669, 0.408, 1.911, 2.086, 0.186, 0.469, 1.841, 0.822, 1.791, 17.94, 6.019, 1.393, 4.0, 1.11, 1.457, 1.882, 1.352]
55.64,[356.576, 440.603, 394.04, 393.65, 373.338, 388.51, 330.532, 481.84, 32.56, 11.36, 109.475, 123.35, 26.707, 47.095, 50.795, 17.885, 48.333, 44.674, 29.464, 149.798, 27.846, 29.359, 3.086, 2.058, 0.782, 0.373, 1.691, 1.731, 0.685, 0.488, 1.181, 0.947, 2.145, 18.67, 5.531, 1.464, 4.294, 1.127, 1.437, 1.888, 1.384]

   87.3200	:  103.2630
  230.5254	:  263.4375
  338.2704	:  327.8178
  591.8363	:  504.6552
  608.6231	:  585.9018
  631.8135	:  609.1523
  659.3371	:  666.7594
  722.5734	:  740.2547
  800.5177	:  811.3505
  844.1218	:  820.6972
  887.4290	:  875.4644
  976.0062	:  913.3340
 1036.4925	:  977.0089
 1052.4398	:  993.9819
 1068.6999	: 1041.3676
 1087.3481	: 1078.5048
 1115.9416	: 1106.1276
 1234.0748	: 1143.8138
 1270.9672	: 1251.5544
 1343.8767	: 1369.8285
 1375.8430	: 1374.5884
 1391.1119	: 1405.8136
 1410.8491	: 1438.7266
 1420.9776	: 1484.8449
 1515.8409	: 1570.1203
 1555.9109	: 1632.5418
 2941.5852	: 2926.1690
 3030.1237	: 3044.4312
 3046.7247	: 3045.6295
 3144.3648	: 3147.6281
 3148.2939	: 3153.1848
 3162.6898	: 3153.9521
 3446.7015	: 3448.3130

    1.1826
    1.1428
    0.9691
    0.8527
    0.9627
    0.9641
    1.0113
    1.0245
    1.0135
    0.9722
    0.9865
    0.9358
    0.9426
    0.9445
    0.9744
    0.9919
    0.9912
    0.9269
    0.9847
    1.0193
    0.9991
    1.0106
    1.0198
    1.0449
    1.0358
    1.0493
    0.9948
    1.0047
    0.9996
    1.0010
    1.0016
    0.9972
    1.0005

set im1hb1 354.56
set im1hb2 370.23
set im1hb3 388.39
set im1hb4 366.91
set im1hb5 386.05
set im1hb6 416.98
set im1hb7 311.04
set im1hb8 471.99
set im1ha1 31.84
set im1ha2 18.32
set im1ha3 113.85
set im1ha4 123.22
set im1ha5 28.22
set im1ha6 45.52
set im1ha7 44.66
set im1ha8 16.94
set im1ha9 49.53
set im1ha10 42.87
set im1ha11 29.76
set im1ha12 141.80
set im1hd1 24.34
set im1hd2 30.16
set im1hd3 2.89
set im1hd4 2.54
set im1hd5 0.72
set im1hd6 0.00
set im1hd7 1.84
set im1hd8 2.13
set im1hd9 0.00
set im1hd10 0.00
set im1hd11 1.78
set im1hd12 0.09
set im1hd13 1.18
set im1hd14 18.21
set im1hd15 5.32
set im1hd16 0.05
set im1hd17 4.30
set im1hi1 1.11
set im1hi2 1.41
set im1hi3 1.89
set im1hi4 1.34
