Generation: 109 (runtime: 18409 seconds)
201.46532548785345,[314.0437867578498,161.49672533914486,702.3004300744952,38.46123257898504,215.19763124808304,140.71807955605036,21.761890162824166,2.3440356684441825,198.9671082356855]
207.0170534912802,[340.9773599890102,149.4425512428912,702.2838450133906,38.72500326807765,215.27688249537218,149.904204462774,20.226288770536094,2.322951153430985,199.97333526237134]
207.4973719997851,[330.85813592792056,148.01679789187895,684.2199022668076,39.02986541610565,217.34330080289845,144.5340011066619,24.99134424038656,2.4549842701511184,199.31584728102004]
211.705428641475,[336.6438410635045,148.12910584481807,679.2769988032798,37.99114345803036,218.16940534942478,158.17027148042638,24.910894147614993,2.4326895967450812,199.867729356826]
212.13576302122104,[313.14587148780356,133.60592055093687,706.5523433314124,41.361205603926884,216.26046858192797,161.70934264748786,22.24496664406349,2.3834151222063182,199.87729680746384]
212.42164571027652,[359.93313296443165,161.0905081086919,702.9022156949675,38.23469363440133,214.2201248484543,118.34891562157212,21.87727723384503,2.4836287637662644,200.4590142248854]
213.4895193000004,[336.5835187139486,168.99207029402447,681.6788156837732,38.51257584137349,215.0691920359738,166.4358033805978,23.2065928544229,2.304604268511896,199.38315883395174]
215.71450293903635,[314.0437867578498,163.30907861765428,680.7938661871826,39.22859777682736,217.13273278129128,147.27733628367815,25.23974766228666,2.9057504180280893,199.34566169650398]
215.8549250628813,[342.80532688948375,154.47163046594616,702.1698391844621,41.93464924317216,215.93499950075457,145.57359022977647,23.280365291413958,2.2850839225801693,199.46487918856062]
216.4689230761191,[340.9773599890102,149.4425512428912,685.7738649896758,39.351812512430456,217.37186603457988,162.04679278819785,23.991471664883044,2.4343127790106074,200.27679998561666]
216.51416720837184,[345.0013273805688,180.73778723241742,702.0352480404752,38.6230090454207,216.1915512856531,144.98485583730442,23.454652908693138,2.3608640902944775,199.9014222859539]
216.70052292264663,[357.8647602798657,127.45671401813551,701.4026141814288,39.147114529976385,215.19705814842268,129.30914228116734,23.461506795443768,2.6785462656148376,199.6007419040724]
216.98871008259866,[351.3305527061729,152.45181265811405,700.3709930378272,40.23775048020944,215.37949083205416,136.73836230787467,23.76672750214853,2.4542558532544416,202.3772842650939]
217.34522906195204,[359.7179499927355,120.66415012593896,701.9212853235097,38.4567946855701,217.79225505641892,144.49318043671843,23.721297900135234,2.3280112245118234,199.76895787740233]
217.65976072771903,[326.221347576426,178.2194684567441,701.266218836324,41.468382905798805,213.994568521683,167.79063271275766,20.41465636705225,2.4081153378285647,201.0848930779881]
217.68084204284926,[352.779724499909,165.50616901939708,701.7638425464237,41.78285161339938,216.69905008745837,165.22411609542266,13.724238041019865,2.3593543355957274,201.6365450909669]
217.89472033471688,[359.2402203023054,164.68572754795707,736.9057042321159,37.50757775450338,213.43695797267398,115.51566302976128,23.71818112685645,2.402187068403135,198.42440325571658]
218.0062070205611,[355.5406734989308,150.6052724614414,700.7225577591536,38.46951090530807,215.49088058612455,137.56195905042452,24.074899920239144,2.48201378529534,201.7981760241635]
218.07449181797264,[359.7179499927355,126.4517421865144,701.9212853235097,38.4567946855701,217.79225505641892,144.49318043671843,23.721297900135234,2.3280112245118234,199.76895787740233]
218.24982234467683,[350.8099404189751,187.33886383985282,701.762205290451,41.74356355989626,217.6313586123363,161.34100910200345,13.62692214593001,2.3658972314070463,200.79162261044382]
218.38818787802174,[359.2402203023054,215.95702609158374,701.1603694876269,37.50757775450338,213.43695797267398,115.51566302976128,23.71818112685645,2.402187068403135,198.42440325571658]
218.41410826557996,[325.5176747934,192.98236872265514,701.4604454654406,39.010005193053885,215.13993532657497,150.89344010917648,23.59756302028172,2.6558914712659805,198.85147955016558]
218.4405994853683,[351.825455639024,184.2813710215974,700.9346483560847,39.96175368040853,215.4396265941811,136.84357131153476,22.749397062963403,2.363343469156037,201.6160235825487]
218.45598449004208,[340.04304432346726,215.77026010483274,702.8019906556547,39.096425327946044,214.095803235504,141.38962589641247,22.43674568470174,2.474464052391939,200.52518634521465]
218.60654373865478,[339.4335986412906,211.4511664483108,701.5218358290062,40.65629004403003,216.31701198893597,166.41225768885027,15.66694112419794,2.4066195545821745,198.992741295788]
218.7316606918352,[352.9171255339713,161.80838518072127,701.9456651014194,39.31451555280984,217.80155427659838,144.71171806922146,23.804135668994395,2.275945689135755,199.34680756171292]
218.9503871430715,[345.0103878256955,145.4034282699553,689.042028747486,42.17657648240991,217.98063711021314,156.53777745646863,22.128659027336717,2.466960094500028,201.65904118570282]
219.03650462767263,[360.8935813710916,161.49672533914486,702.3004300744952,38.46123257898504,215.19763124808304,140.71807955605036,21.761890162824166,2.3440356684441825,198.9671082356855]
219.1221438009364,[354.46680319989724,188.44521050163095,699.8011426918496,38.33555432254914,214.94848053827252,131.1819252179549,22.796915450366328,2.577229430071416,199.4913055305682]
219.13110907084442,[348.20205484077815,201.4390812908416,707.892699111341,37.66832460141915,214.38600686251124,144.40169443928107,21.402281410189072,2.4746100466375616,199.36984897768397]
219.35349133382985,[359.9326513057373,132.0047321348634,702.0663997066912,38.52116552934819,217.30679012941505,146.6431547804165,23.504820765623315,2.3280603282242547,199.75524879624874]
220.11489219632932,[344.13325430156686,147.94525361501854,687.3779532273734,41.06254859939592,217.84652408350235,154.49923795203696,24.548951083989962,2.5031980256301436,201.59643273754827]
220.11651279157186,[352.9882635750206,168.89375344572446,701.965531984225,39.16375433240805,216.86879410931152,144.73727810755304,23.514843358889273,2.3633499965600016,199.75864961213387]
220.18170550464384,[337.9181181045625,205.89444917107338,703.6694581430758,39.2209449088052,215.85317691380502,147.0564228883814,22.79070974968015,2.530501308048087,199.94456642993418]
220.19801080458677,[340.9397636545301,249.310496757225,702.9846943577169,40.22731724916955,214.52145288216724,119.2566158345516,23.847507173952522,2.5140090632110157,197.46622739372577]
220.22275966049926,[318.56769016014255,142.38866381594113,704.0354500151404,40.14022911643896,215.75622811297808,174.70141646917264,24.672465676635355,2.4833927684764046,195.0267580308029]
220.30750378833878,[357.71111898095825,169.19155922268976,702.3269996927359,41.120412173469546,216.41213180074647,163.72058649118145,14.042863052128252,2.3710413197811033,199.74668940566823]
220.44933361856292,[330.1601424507182,186.17280881425137,701.9020129603754,39.453765454116656,215.3217543347086,158.61525655476666,23.818697742035127,2.5368759758299317,198.75268879216364]
220.7555987174733,[356.10967524326827,144.98381216231405,703.7502200808091,40.877798811302725,216.0700388156884,136.73836230787467,23.76672750214853,2.4542558532544416,202.3772842650939]
220.96501704480823,[360.1755848180408,145.57438718623888,702.9518023238775,38.4567946855701,217.79225505641892,144.49318043671843,23.721297900135234,2.3280112245118234,199.76895787740233]
220.96501704480823,[360.1755848180408,145.57438718623888,702.9518023238775,38.4567946855701,217.79225505641892,144.49318043671843,23.721297900135234,2.3280112245118234,199.76895787740233]
220.99256421714543,[342.2617924700035,175.06158134508036,712.0934718559281,37.50881904209495,214.28639213794526,174.50049835145214,21.058912275478004,2.295888781857338,199.66602445345265]
221.06264199835925,[355.9157928756409,194.05714673376335,701.7873675148783,32.59471635285476,215.56640022604282,153.25895599444513,22.89469981166541,2.252964057924278,199.3153726994131]
221.19748430425255,[359.599787675112,146.9712475599747,703.0572002352545,38.493487222454135,217.3699327773371,144.01909916404676,23.843908024767167,2.3621640959424037,199.95487192489037]
221.25242087082177,[360.1755848180408,145.57438718623888,702.9518023238775,38.4567946855701,217.79225505641892,144.49318043671843,23.721297900135234,2.350131377358917,199.7063298832569]
221.3203129197019,[346.0417481599438,165.33905844712643,681.5347250064416,39.23964963616344,218.36420147941266,175.52261785725767,24.299792614447444,2.1383162686621104,198.74180235750634]
221.42212300574107,[341.72708300249445,166.67128613277183,679.038586319147,37.83495581225158,218.61950014077075,175.5868655978669,24.473337066298896,2.414714962100052,201.62296969960238]
221.54976951436356,[360.1755848180408,145.57438718623888,702.9518023238775,38.4567946855701,217.79225505641892,144.49318043671843,23.721297900135234,2.3749061369431184,199.28175234289563]
221.6719385755919,[317.41486162537115,189.49517558694723,702.6333769772502,40.20243792818349,214.405310554251,173.04253131425673,22.385981475214425,2.4377586462296854,199.89902952662794]
221.74519629459917,[358.49142093963655,164.7834486445074,702.7061489574378,37.347867095993024,215.04142198402678,134.34409173986654,22.875955904385364,2.7503726840506886,198.8925810464975]
221.89540570776086,[360.14371779883396,132.82292512025475,702.4703872250373,38.45686406668147,215.52410850990378,144.07194629272797,24.21645223051992,2.5074019997299124,200.59549539625823]
222.03171391602984,[352.36290941248365,221.8676367653644,702.485366538061,38.530457980658454,214.8972350498791,123.05807625826583,23.333290337582554,2.6343466064439163,199.1575242431419]
222.0812566674672,[352.36290941248365,221.8676367653644,702.485366538061,38.530457980658454,214.8972350498791,123.05807625826583,23.333290337582554,2.6343466064439163,199.97455348179074]
222.14545404265994,[358.6942311463416,157.45466536665185,703.0210265770925,40.13989536616557,215.7130755918963,133.00490364430323,24.13569557335771,2.4765537681189698,200.6234403287528]
222.1837833121274,[365.4406063567662,149.8777917016141,702.2838450133906,38.72500326807765,215.27688249537218,149.904204462774,20.226288770536094,2.322951153430985,199.97333526237134]
222.25728671019482,[350.8406999738498,175.56832782468553,702.0159221229063,39.89237217893859,215.74067715063399,157.7860069843144,21.559693028156545,2.36363900642258,199.52360263966884]
222.39767628829478,[360.2886254351246,171.88402553682008,702.1466111111936,39.25532907024225,214.7544390072892,146.8357961330126,21.49076935561469,2.328074407170435,199.59017946520174]
222.51152661568565,[359.1003921891453,149.00010617286668,703.4058640638154,38.498233156986835,215.39190437218076,152.24634535338166,23.10244671790516,2.3607676584949577,199.39672859032342]
222.53997224190022,[323.17010150992166,206.63702519496232,733.8458682349986,37.341340365091334,214.0215855260119,174.59310846502888,20.679684863933332,2.205647409489858,198.95680509353127]
222.62827626860738,[354.70579846492933,172.09292261826147,703.0800265987746,40.22094487707497,215.29221507826173,155.77533254962506,20.708736583620997,2.350955510547459,199.66197947152182]
222.7436253023581,[355.63873521754965,155.00145687744694,702.3792208467396,40.031503037177565,216.63859121752702,152.7044183478331,22.761151121432174,2.3485891015550626,201.09480247623182]
223.1554197628494,[355.65993800848287,177.66852479032644,704.3521842736338,40.32777982448504,217.7213330651693,145.16504462003368,22.675148217324363,2.291441589075836,199.3044456841263]
223.15929415564122,[357.8752793853182,204.24735001633323,701.3736123150809,38.37810947467995,213.74533214165518,139.56398564034214,22.130358775860614,2.402449210780709,200.63043810820108]
223.1617372565227,[357.267946483723,158.32325727236503,701.4473532332498,39.51208980359088,215.27465279015766,143.3642094124199,22.932563715372,2.576816518508941,199.39532638393808]
223.3561907835605,[347.0120585168148,148.68640467303604,702.1743900246065,39.56918998742778,216.79824602460982,174.41896430902648,21.14259338576901,2.4907323141182465,199.69508902062532]
223.38345623191594,[351.5924226618589,165.11215270650368,700.9904025145045,40.74755554197133,215.21118320664166,172.5713767453127,19.901458522109603,2.244214866636438,199.31258865169764]
223.62943485257486,[314.26600867768155,139.78805950114838,705.3083510449134,41.99149226790575,215.4667149175304,175.36725517446257,24.975386246934196,2.482011461952227,192.7654039356959]
223.98819662325587,[351.3305527061729,137.05097050509409,700.2320469889478,42.20162199847216,219.37207335902679,169.1732260582563,20.1301251375406,2.392179021133759,201.6824325986584]
224.1339198923195,[323.14896328346526,229.1080770372395,700.6380922318352,41.10820558673983,214.37773914161667,161.16541897291634,22.079020460780633,2.4267086623008454,200.36157449133253]
224.2276938696336,[354.58219486916806,202.10581809871084,703.4897995645036,39.10235386830391,216.2301893589814,146.6927341845847,22.705092645150057,2.292642255833537,199.01541653496355]
224.54756927436867,[336.78193270810755,157.2072859985374,704.4410710335458,41.64185855689458,214.71413011322252,167.09656753160158,24.12793915330742,2.457140312677336,197.4044779141106]
224.5892203605444,[353.70110937837893,180.04636018708288,702.6198462879831,39.44550511314981,216.23333548104634,161.37613736735184,21.078859257526318,2.350494654055517,200.18194590428996]
224.71380840833035,[352.5879443388123,137.05097050509409,700.2320469889478,42.20162199847216,219.37207335902679,169.1732260582563,20.1301251375406,2.392179021133759,201.6824325986584]
224.90556260283932,[360.8314117610778,166.02185258634728,701.664146896726,39.24552524546113,214.693599280605,157.6068605530726,21.3229164323836,2.28869654118019,200.58057821935483]
224.96518492553474,[359.1569202286677,201.20698447111386,703.33776443629,38.1505228646362,213.57489112892802,126.44725083113693,23.82158064067422,2.6452581384684644,200.951740120917]
225.26991788828343,[341.22809635301684,216.18683534361972,704.1425340835962,37.9487449332711,214.20116652830097,174.41750138262347,20.621555329591544,2.3573701791078485,199.208065369978]
225.27702801868915,[355.78604964070394,160.159978627238,702.5221112608982,42.047898036242884,215.2024147711283,158.8805685729113,20.17928580712927,2.3835656929755786,200.27006377399374]
225.28494728801513,[355.38595484084397,201.06258180900818,703.2096320892892,38.974675385613075,216.1495944690177,148.08464078900298,22.721775168141505,2.320810709752619,199.90090802653748]
225.39927106491245,[352.08291685362644,201.05837094876023,702.8951729298062,40.423582370442745,215.67702903633813,142.85431709451916,22.779545588608116,2.4676369488387957,199.27597254293346]
225.5197228055888,[353.2536606936074,173.42150968715663,698.2931320220739,40.28951573661435,215.28684312089243,171.82900045299724,20.229190579384017,2.315048040645954,200.70387214826343]
225.74247796155248,[353.6506965839189,152.99988204644336,701.4157475030853,42.074681515229535,215.0837464142601,169.38139790181316,19.75519582448719,2.3805652800938626,200.61889643238408]
225.7822863681217,[357.5516392266324,195.78357050812417,701.7410403470917,39.876715004886954,214.1558259503771,135.34184006760657,22.985478482054624,2.5602494163815663,199.40291290657007]
226.06201953596792,[350.15779863569367,276.37727896657884,702.7740901045258,37.79751883624722,214.64804224764055,122.63139250459804,22.66547180426192,2.601550431523658,197.8577300460045]
226.08820760904857,[360.0353228274524,179.3613703351548,691.66016076905,39.01355724353641,213.86695959477848,159.10741864469477,22.8166933321931,2.274975416516316,199.18528819923478]
226.18806521190908,[352.9595959378627,220.85104283664322,701.0855040047747,40.309693471614246,214.28128189123544,125.39308675286682,23.415973356358084,2.690191674026269,199.15989797440747]
226.2105915407844,[343.14285042491576,142.71631195601893,699.1955465999006,42.99127750085621,215.26628795254663,161.77124724104598,24.506064907112552,2.488971888029569,199.42466188709946]
226.22821213583916,[351.47408997840864,146.86343256838092,702.3828801680424,39.1528177776325,215.82203744424308,164.3372059741465,25.105622880368493,2.4353215761627274,198.65403242954645]
226.23819026847434,[352.2563865910646,221.18404433578365,700.991771852957,40.77835607914425,215.11267077278936,153.81717813764428,10.231058957883018,3.0396947104810934,201.27639025359034]
226.26873289580834,[361.7165417999738,178.85424696513624,702.6022128068017,38.915163641618165,217.53491322687947,156.18487921010126,20.30706761290931,2.330807702200538,200.2868964145543]
226.2704538141243,[353.3147380925881,214.35367111840432,702.6009166338499,40.12358548753008,215.64288016228502,135.6326065940626,23.54551900339197,2.481468320304315,198.99849819796466]
226.31337459585066,[342.75611150074815,150.02307189783858,703.5239522293896,45.5609035354019,215.27705522675456,152.70540013962236,23.27224380261354,2.354000265502394,199.83765648031562]
226.35402466739953,[360.0353228274524,179.3613703351548,691.66016076905,39.01355724353641,216.62058521391765,162.11771629300873,21.169301799766274,2.3398185321763405,200.73750718597182]
226.38329150944568,[359.9326513057373,132.0047321348634,702.0663997066912,38.498233156986835,215.39190437218076,141.32084718723277,24.31505000395694,2.8728118586854112,201.22397066563087]
226.58411013085984,[359.43378697332764,152.9866218744465,699.6417424618899,39.679412246227905,217.01009255926033,161.87437959734456,22.285603292055985,2.3605335947127397,200.23270549074635]
226.58952882183314,[354.02038362764563,172.02980759326982,694.5323309334526,39.840688787664746,215.89594778471036,164.44364792936528,21.667480222725814,2.5008001540534774,200.93343519853374]
226.74197423971228,[357.3998653754009,156.35217203644925,702.0594389397304,41.33849998852217,215.99869138135665,158.68347690823967,21.38803823413589,2.402843050980541,202.1626326865233]
226.84601302209919,[353.1982502703463,177.2871342480012,702.7365227726825,40.74988535052548,215.06000960973256,174.68246895129602,19.72237859463831,2.2473659694679644,200.444751832936]
226.94639826777603,[351.25696617294705,171.4881879556431,698.0633238655273,37.12931924045372,216.34310732038585,164.16938689281585,22.966389450829872,2.7030775054549454,200.1830370504655]
226.96030100003438,[356.68992732587907,155.71046924633293,702.4777381329935,39.06918646652933,216.8938271646145,154.79822329451864,24.12222364614874,2.5062711830319153,199.66486883824075]
227.11460698572046,[350.50139660673597,162.49306415345288,696.9728196143872,39.67758186814345,218.07292450793727,169.26168470629293,23.68621167639746,2.3922968633210404,201.56517404783327]
.
   39.7944	:  296.6092
  417.5917	:  694.6583
  604.1274	:  744.0206
  611.4816	:  823.1419
  855.6104	:  985.4184
  963.7586	: 1108.5498
 1005.1970	: 1165.8355
 1280.5920	: 1330.8964
 1359.7412	: 1441.0229
 1429.5404	: 1456.3502
 1441.1490	: 1687.7580
 1743.8179	: 1928.9363
 2976.6431	: 2823.5064
 3041.1556	: 2921.5844
 3065.0242	: 2925.9194

    7.4535
    1.6635
    1.2316
    1.3461
    1.1517
    1.1502
    1.1598
    1.0393
    1.0598
    1.0188
    1.1711
    1.1062
    0.9486
    0.9607
    0.9546
