Generation 879
173.68,[100.0, 500.0, 150.0, 185.265, 200.0, 97.627, 103.513, 0.237, 87.353]
177.99,[100.0, 500.0, 150.0, 192.87, 180.932, 95.094, 92.806, 0.155, 100.0]
178.43,[100.0, 500.0, 150.0, 182.001, 144.287, 101.383, 90.952, 0.008, 88.807]
181.16,[100.0, 500.0, 150.0, 185.304, 200.0, 95.916, 98.171, 0.0, 67.304]
182.35,[100.0, 499.439, 150.0, 189.646, 192.333, 104.636, 93.548, 0.218, 79.013]
183.13,[100.0, 500.0, 150.0, 191.583, 187.989, 126.915, 85.781, 0.141, 88.002]
183.32,[100.0, 500.0, 150.0, 196.925, 194.195, 96.581, 85.246, 0.209, 86.178]
183.50,[100.0, 497.609, 150.0, 193.748, 199.849, 109.398, 101.228, 0.009, 89.994]
183.81,[100.0, 500.0, 150.0, 191.607, 181.259, 84.573, 103.138, 0.0, 87.776]
184.10,[100.0, 500.0, 182.174, 192.913, 188.701, 106.121, 94.399, 0.302, 68.242]
184.22,[100.0, 490.889, 150.0, 192.106, 200.0, 86.127, 95.288, 0.0, 85.171]
184.36,[100.0, 500.0, 150.0, 194.058, 192.465, 118.39, 90.7, 0.074, 69.246]
184.58,[100.0, 500.0, 150.0, 200.0, 199.167, 107.051, 81.13, 0.0, 86.179]
184.60,[100.0, 500.0, 150.0, 181.379, 186.792, 67.567, 84.723, 0.162, 96.334]
184.65,[100.0, 500.0, 150.0, 195.601, 180.232, 96.69, 80.261, 0.222, 100.0]
184.83,[100.0, 488.123, 150.0, 192.559, 191.026, 104.356, 91.974, 0.0, 99.315]
184.84,[100.0, 483.191, 150.0, 197.976, 189.757, 98.523, 94.587, 0.184, 74.564]
184.86,[100.0, 500.0, 150.0, 200.0, 132.029, 99.576, 93.974, 0.275, 81.906]
184.87,[100.0, 500.0, 150.0, 194.317, 191.601, 125.696, 87.662, 0.0, 85.064]
184.89,[100.0, 495.357, 150.0, 195.942, 196.088, 85.446, 94.069, 0.0, 78.545]
185.15,[100.0, 500.0, 158.042, 200.0, 174.858, 77.48, 84.243, 0.201, 92.493]
185.44,[100.0, 500.0, 194.121, 187.779, 200.0, 97.011, 83.98, 0.019, 71.834]
185.56,[100.0, 500.0, 150.0, 189.91, 198.522, 102.061, 87.582, 0.015, 80.068]
185.70,[100.0, 500.0, 163.292, 189.715, 196.822, 86.956, 92.931, 0.281, 69.639]
186.20,[100.0, 487.637, 150.0, 190.492, 188.252, 100.0, 91.239, 0.0, 100.0]
186.29,[100.0, 500.0, 150.0, 189.403, 184.261, 89.867, 98.511, 0.118, 74.396]
186.86,[100.0, 491.924, 150.0, 200.0, 200.0, 116.008, 81.631, 0.091, 72.131]
186.90,[100.0, 496.74, 150.0, 185.971, 192.599, 101.565, 94.024, 0.15, 93.704]
187.05,[100.0, 500.0, 163.06, 191.637, 183.54, 104.642, 81.523, 0.048, 96.157]
187.58,[100.0, 500.0, 150.0, 198.361, 186.061, 119.465, 81.766, 0.103, 51.143]
187.96,[100.0, 492.939, 150.0, 191.59, 185.78, 104.139, 89.246, 0.202, 100.0]
187.99,[100.0, 490.481, 150.0, 192.031, 200.0, 106.97, 84.627, 0.245, 80.129]
188.01,[100.0, 500.0, 170.856, 188.177, 200.0, 102.252, 92.787, 0.157, 87.329]
188.47,[100.0, 490.37, 150.0, 189.38, 197.952, 97.057, 84.223, 0.236, 89.184]
188.56,[100.0, 495.656, 153.872, 188.544, 198.424, 84.914, 91.266, 0.166, 64.983]
189.11,[100.0, 477.731, 150.0, 193.631, 184.532, 91.212, 101.716, 0.159, 73.107]
189.17,[100.0, 500.0, 170.71, 189.192, 200.0, 90.262, 92.294, 0.0, 84.6]
189.27,[100.0, 500.0, 150.0, 197.19, 178.088, 80.013, 82.721, 0.213, 82.934]
189.27,[100.0, 494.959, 151.621, 187.51, 200.0, 76.677, 86.164, 0.017, 65.879]
189.29,[100.0, 486.509, 150.0, 199.925, 195.813, 104.256, 85.963, 0.0, 92.964]
189.33,[100.0, 500.0, 150.0, 187.113, 168.752, 82.673, 98.156, 0.004, 62.19]
189.54,[100.0, 500.0, 157.054, 179.946, 193.47, 102.355, 95.606, 0.192, 51.846]
189.61,[100.0, 476.762, 150.0, 186.583, 199.595, 122.795, 72.984, 0.201, 58.799]
189.74,[100.0, 500.0, 150.0, 186.785, 157.16, 115.347, 90.568, 0.043, 92.695]
189.95,[100.0, 500.0, 150.0, 200.0, 198.527, 110.979, 73.681, 0.14, 65.107]
190.34,[100.0, 500.0, 150.0, 191.572, 200.0, 102.923, 81.814, 0.179, 95.562]
190.42,[100.0, 500.0, 166.072, 198.505, 196.93, 86.47, 89.406, 0.0, 67.549]
190.44,[100.0, 497.854, 150.0, 190.835, 173.794, 79.53, 86.586, 0.0, 85.997]
190.56,[100.0, 500.0, 150.0, 180.624, 191.415, 105.853, 88.809, 0.109, 100.0]
190.58,[100.0, 500.0, 150.0, 197.429, 176.048, 79.135, 90.766, 0.0, 95.833]
190.79,[100.0, 500.0, 179.571, 181.984, 196.802, 96.145, 97.098, 0.088, 55.111]
190.82,[100.0, 485.682, 150.0, 192.687, 166.757, 83.917, 85.574, 0.0, 90.942]
190.94,[100.0, 491.556, 150.0, 183.126, 197.713, 98.625, 87.018, 0.0, 80.758]
191.07,[100.0, 465.972, 150.0, 200.0, 172.068, 98.642, 87.808, 0.109, 75.202]
191.20,[100.0, 493.173, 150.0, 194.918, 174.941, 88.928, 75.131, 0.183, 84.259]
191.87,[100.0, 496.267, 150.0, 189.481, 159.374, 101.086, 94.772, 0.175, 88.051]
191.91,[100.0, 500.0, 173.478, 183.075, 200.0, 98.404, 86.17, 0.018, 81.013]
191.94,[100.0, 500.0, 150.0, 194.486, 177.623, 94.152, 86.932, 0.18, 67.357]
192.06,[100.0, 467.412, 182.045, 190.827, 200.0, 104.537, 91.844, 0.085, 74.925]
192.14,[100.0, 491.315, 150.0, 200.0, 192.157, 110.677, 88.401, 0.0, 89.148]
192.17,[100.0, 496.782, 150.0, 194.964, 198.918, 104.67, 86.271, 0.134, 72.302]
192.27,[100.0, 500.0, 191.635, 187.999, 200.0, 103.626, 97.996, 0.0, 73.924]
192.85,[100.0, 491.427, 150.0, 184.564, 200.0, 94.624, 105.963, 0.0, 62.038]
192.94,[100.0, 463.092, 173.811, 195.264, 200.0, 107.861, 89.6, 0.108, 89.037]
192.99,[100.0, 500.0, 150.0, 198.672, 187.08, 120.563, 86.901, 0.198, 72.256]
193.25,[100.0, 499.275, 189.905, 197.556, 200.0, 104.049, 86.065, 0.0, 96.328]
193.33,[100.0, 500.0, 168.613, 189.57, 183.706, 96.249, 95.037, 0.0, 70.7]
193.40,[100.0, 499.952, 150.0, 190.603, 200.0, 103.728, 85.828, 0.134, 94.557]
193.50,[100.0, 495.797, 187.069, 182.943, 200.0, 81.744, 87.663, 0.298, 64.801]
193.52,[100.0, 483.9, 150.0, 192.773, 167.131, 79.441, 82.403, 0.0, 91.318]
193.57,[100.0, 500.0, 151.541, 189.184, 184.879, 88.532, 87.402, 0.136, 80.598]
193.66,[100.0, 452.197, 157.696, 192.605, 176.565, 103.416, 102.887, 0.0, 77.924]
193.90,[100.0, 496.108, 150.0, 185.238, 155.129, 109.198, 100.937, 0.09, 95.835]
194.04,[100.0, 470.74, 161.732, 197.982, 182.668, 125.273, 94.968, 0.281, 83.57]
194.05,[100.0, 500.0, 150.0, 194.554, 170.94, 86.228, 86.596, 0.0, 95.761]
194.36,[100.0, 499.363, 150.0, 176.076, 198.258, 94.507, 96.994, 0.055, 86.037]
194.38,[100.0, 489.46, 159.387, 196.312, 163.806, 88.939, 87.263, 0.0, 97.284]
194.40,[100.0, 485.989, 150.0, 183.765, 187.24, 109.015, 98.019, 0.0, 86.69]
194.77,[100.0, 486.852, 169.017, 181.276, 200.0, 94.12, 89.995, 0.09, 83.687]
195.09,[100.0, 472.3, 165.432, 200.0, 181.659, 98.794, 100.646, 0.284, 73.031]
195.18,[100.0, 497.678, 150.0, 197.165, 198.333, 99.248, 84.89, 0.0, 99.446]
195.20,[100.0, 467.627, 150.188, 197.501, 180.154, 95.741, 89.478, 0.084, 77.499]
195.32,[100.0, 468.58, 172.078, 197.505, 182.854, 109.644, 99.051, 0.227, 97.097]
195.43,[100.0, 450.841, 152.758, 190.427, 185.445, 62.404, 96.04, 0.271, 100.0]
195.53,[100.0, 466.288, 150.0, 183.116, 168.404, 80.826, 109.426, 0.237, 90.91]
196.11,[100.0, 488.249, 177.853, 191.779, 194.516, 114.295, 76.699, 0.0, 90.842]
196.34,[100.0, 494.193, 150.0, 191.471, 198.244, 82.746, 89.702, 0.112, 85.399]
196.45,[100.0, 484.189, 150.0, 199.055, 145.978, 88.351, 107.679, 0.08, 84.959]
196.50,[100.0, 500.0, 174.737, 198.242, 178.34, 96.179, 95.95, 0.146, 95.035]
197.14,[100.0, 500.0, 163.349, 184.265, 165.586, 103.303, 88.702, 0.0, 95.657]
197.21,[100.0, 478.236, 158.482, 193.335, 191.54, 108.513, 84.602, 0.0, 88.868]
197.26,[100.0, 480.66, 174.617, 187.507, 195.753, 95.917, 99.401, 0.112, 69.312]
197.44,[100.0, 482.591, 184.307, 186.961, 195.9, 113.015, 91.982, 0.0, 57.172]
197.46,[100.0, 500.0, 150.0, 191.443, 184.909, 79.242, 98.891, 0.249, 87.523]
197.61,[100.0, 488.495, 150.0, 177.164, 139.029, 106.175, 105.672, 0.174, 88.4]
197.63,[100.0, 490.173, 172.238, 194.003, 195.842, 107.541, 92.177, 0.0, 85.332]
198.08,[100.0, 500.0, 150.0, 188.386, 162.147, 76.325, 72.044, 0.332, 91.434]
198.13,[100.0, 487.821, 150.0, 179.105, 156.073, 86.126, 95.724, 0.131, 41.582]
198.36,[100.0, 489.397, 163.802, 197.988, 200.0, 103.749, 81.089, 0.091, 92.902]
198.37,[100.0, 500.0, 172.451, 196.301, 200.0, 109.808, 106.151, 0.11, 89.855]
198.49,[100.0, 491.087, 162.108, 180.108, 191.093, 108.336, 74.528, 0.155, 83.49]
198.75,[100.0, 499.301, 150.0, 200.0, 167.642, 89.629, 70.043, 0.035, 90.221]
198.87,[100.0, 490.085, 150.0, 200.0, 186.231, 116.302, 91.481, 0.217, 54.523]
199.04,[100.0, 493.903, 150.0, 188.458, 149.802, 90.146, 97.834, 0.025, 88.834]
199.19,[100.0, 461.727, 150.0, 200.0, 194.748, 130.331, 62.589, 0.223, 53.432]
199.58,[100.0, 475.596, 159.07, 181.641, 182.815, 110.597, 87.002, 0.183, 64.768]
199.77,[100.0, 500.0, 189.458, 190.712, 199.943, 116.613, 81.304, 0.0, 77.767]
199.82,[100.0, 499.09, 150.0, 199.306, 173.132, 80.547, 91.131, 0.162, 82.987]
199.95,[100.0, 494.956, 155.598, 193.467, 191.224, 93.391, 92.721, 0.048, 70.881]
200.29,[100.0, 454.477, 150.0, 199.627, 200.0, 110.448, 114.947, 0.137, 77.679]
200.32,[100.0, 500.0, 202.587, 191.766, 172.176, 87.103, 89.523, 0.061, 91.17]
200.57,[100.0, 500.0, 184.326, 188.146, 170.339, 79.515, 94.126, 0.124, 99.64]
200.61,[100.0, 500.0, 197.316, 186.628, 167.09, 87.341, 94.428, 0.369, 91.575]
200.70,[100.0, 479.189, 175.933, 199.794, 198.764, 85.747, 82.856, 0.0, 87.595]
200.91,[100.0, 439.189, 150.0, 188.341, 185.012, 102.503, 85.764, 0.229, 60.622]
201.05,[100.0, 500.0, 150.0, 192.785, 198.661, 94.715, 93.098, 0.049, 83.667]
201.07,[100.0, 456.266, 171.232, 193.911, 158.6, 78.6, 95.015, 0.109, 73.99]
201.17,[100.0, 466.309, 150.0, 185.947, 180.917, 86.905, 89.379, 0.171, 87.015]
201.51,[100.0, 499.043, 150.0, 200.0, 155.999, 113.012, 103.032, 0.087, 96.53]
201.63,[100.0, 493.818, 185.933, 183.779, 200.0, 100.506, 92.546, 0.237, 83.149]
202.07,[100.0, 488.357, 178.556, 197.966, 181.378, 76.486, 91.917, 0.371, 89.575]
202.18,[100.0, 500.0, 211.26, 187.844, 169.331, 82.424, 92.773, 0.139, 100.0]
202.25,[100.0, 500.0, 160.4, 195.905, 167.997, 88.303, 87.041, 0.0, 93.378]
202.33,[100.0, 481.494, 165.28, 188.248, 124.548, 117.019, 86.695, 0.14, 86.616]
202.38,[100.0, 438.452, 150.0, 184.036, 133.605, 107.009, 113.955, 0.055, 60.935]
202.44,[100.0, 498.719, 165.118, 187.308, 142.728, 102.015, 91.145, 0.352, 90.875]
202.48,[100.0, 471.663, 150.0, 182.322, 161.112, 115.253, 94.458, 0.113, 95.117]
203.01,[100.0, 487.469, 196.729, 190.327, 194.829, 69.28, 101.497, 0.157, 99.127]
203.16,[100.0, 492.982, 160.127, 197.263, 174.705, 93.546, 111.139, 0.154, 93.85]
203.16,[100.0, 473.595, 150.0, 192.317, 177.752, 110.655, 88.688, 0.22, 68.117]
203.20,[100.0, 500.0, 216.998, 194.616, 168.504, 82.519, 102.207, 0.0, 85.602]
203.22,[100.0, 478.846, 170.489, 195.342, 180.689, 111.286, 85.463, 0.0, 68.348]
203.35,[100.0, 500.0, 189.144, 187.288, 165.868, 113.129, 88.556, 0.202, 90.005]
203.41,[100.0, 459.56, 150.0, 186.837, 167.756, 97.762, 88.907, 0.181, 69.991]
203.64,[100.0, 483.797, 210.169, 190.528, 175.389, 83.837, 83.599, 0.343, 93.499]
203.86,[100.0, 468.726, 154.455, 200.0, 196.785, 104.839, 85.0, 0.005, 90.109]
203.87,[100.0, 500.0, 188.029, 191.941, 177.356, 67.257, 77.879, 0.051, 92.229]
203.89,[100.0, 500.0, 174.707, 187.893, 144.256, 99.372, 105.597, 0.23, 86.727]
204.13,[100.0, 485.429, 161.449, 198.841, 165.212, 87.741, 93.326, 0.017, 96.971]
204.26,[100.0, 492.107, 159.255, 180.87, 200.0, 108.645, 92.481, 0.121, 97.998]
204.35,[100.0, 500.0, 218.452, 188.507, 166.263, 103.559, 89.328, 0.348, 96.05]
204.35,[100.0, 500.0, 163.112, 200.0, 187.405, 76.429, 86.169, 0.073, 90.414]
204.44,[100.0, 500.0, 157.35, 182.566, 142.25, 99.927, 106.159, 0.017, 87.084]
204.49,[100.0, 491.959, 185.072, 197.716, 167.461, 85.832, 86.287, 0.0, 98.118]
204.69,[100.0, 473.406, 205.136, 198.559, 187.571, 66.41, 85.066, 0.339, 94.33]
204.71,[100.0, 500.0, 150.0, 194.61, 174.641, 74.983, 76.982, 0.195, 93.389]
204.77,[100.0, 500.0, 213.013, 192.296, 197.503, 99.615, 87.185, 0.214, 74.253]
204.95,[100.0, 481.505, 153.96, 200.0, 194.798, 104.175, 81.635, 0.0, 91.741]
205.15,[100.0, 484.48, 165.475, 184.405, 191.005, 108.562, 101.369, 0.26, 78.28]
205.16,[100.0, 477.694, 157.717, 192.436, 179.46, 106.966, 100.849, 0.199, 83.016]
205.16,[100.0, 500.0, 174.142, 200.0, 160.646, 108.799, 92.622, 0.0, 94.853]
205.20,[100.0, 500.0, 154.039, 197.996, 149.469, 112.289, 97.417, 0.143, 99.12]
205.38,[100.0, 457.594, 208.252, 187.427, 172.578, 87.19, 90.285, 0.199, 93.922]
205.57,[100.0, 500.0, 223.404, 192.345, 184.333, 93.894, 79.637, 0.0, 98.036]
205.60,[100.0, 500.0, 165.981, 183.857, 195.493, 105.848, 91.106, 0.06, 98.312]
205.60,[100.0, 496.703, 182.713, 185.759, 167.57, 103.283, 97.665, 0.0, 91.59]
205.82,[100.0, 485.072, 188.382, 194.473, 186.282, 106.702, 94.277, 0.299, 84.816]
205.86,[100.0, 500.0, 164.133, 176.193, 180.564, 79.657, 87.037, 0.0, 94.345]
206.12,[100.0, 500.0, 183.231, 192.805, 143.303, 104.587, 73.373, 0.0, 100.0]
206.14,[100.0, 498.461, 198.29, 195.211, 200.0, 106.001, 99.252, 0.0, 75.705]
206.16,[100.0, 500.0, 178.247, 194.968, 153.938, 99.345, 74.914, 0.178, 97.614]
206.29,[100.0, 498.011, 195.332, 191.477, 174.801, 94.505, 72.757, 0.281, 87.445]
206.39,[100.0, 500.0, 196.953, 187.121, 176.409, 69.492, 88.058, 0.472, 99.256]
206.48,[100.0, 486.069, 150.0, 190.397, 175.11, 111.862, 96.467, 0.202, 73.381]
206.58,[100.0, 500.0, 150.0, 184.086, 200.0, 94.688, 87.191, 0.218, 72.047]
206.61,[100.0, 486.679, 184.266, 200.0, 177.115, 68.949, 108.872, 0.33, 92.406]
206.77,[100.0, 500.0, 150.198, 191.803, 154.368, 104.978, 99.912, 0.124, 89.883]
206.83,[100.0, 488.053, 159.097, 190.907, 191.448, 107.528, 90.807, 0.254, 84.366]
206.89,[100.0, 500.0, 205.56, 195.642, 191.227, 96.554, 73.143, 0.457, 83.606]
206.94,[100.0, 488.987, 170.032, 193.526, 178.628, 74.728, 85.396, 0.399, 97.728]
207.02,[100.0, 499.659, 190.365, 200.0, 177.821, 71.112, 96.486, 0.528, 89.421]
207.03,[100.0, 500.0, 179.971, 175.591, 144.243, 98.228, 86.838, 0.042, 93.437]
207.13,[100.0, 500.0, 230.303, 200.0, 184.181, 72.025, 94.015, 0.0, 93.235]
207.21,[100.0, 481.976, 217.586, 184.375, 193.23, 71.808, 95.947, 0.3, 96.313]
207.55,[100.0, 500.0, 175.083, 195.718, 162.286, 75.276, 87.02, 0.23, 94.554]
207.61,[100.0, 500.0, 170.333, 178.979, 174.535, 81.412, 87.336, 0.204, 100.0]
207.64,[100.0, 488.374, 150.0, 200.0, 172.09, 96.829, 87.934, 0.0, 67.573]
207.67,[100.0, 500.0, 150.0, 182.106, 133.261, 89.778, 93.657, 0.353, 93.233]
207.77,[100.0, 500.0, 178.889, 197.515, 148.071, 103.323, 77.164, 0.171, 98.192]
208.05,[100.0, 477.598, 186.263, 183.414, 194.464, 66.69, 81.148, 0.0, 100.0]
208.22,[100.0, 484.041, 218.905, 190.617, 162.113, 130.207, 100.795, 0.435, 85.19]
208.66,[100.0, 500.0, 163.153, 192.624, 174.007, 113.342, 95.828, 0.015, 73.089]
208.66,[100.0, 500.0, 237.984, 197.734, 186.959, 75.407, 88.742, 0.0, 86.146]
208.82,[100.0, 500.0, 150.0, 199.895, 178.177, 75.077, 83.248, 0.137, 89.369]
208.87,[100.0, 476.519, 179.779, 184.517, 178.726, 98.246, 90.412, 0.275, 66.975]
208.98,[100.0, 500.0, 200.011, 194.395, 176.061, 86.233, 85.388, 0.225, 96.919]
209.14,[100.0, 500.0, 180.148, 187.01, 180.354, 87.749, 72.679, 0.0, 93.129]
209.45,[100.0, 500.0, 150.0, 187.906, 200.0, 93.802, 90.447, 0.07, 83.642]
209.51,[100.0, 490.975, 164.224, 174.218, 129.181, 100.22, 95.995, 0.359, 88.686]
209.79,[100.0, 500.0, 210.677, 200.0, 185.039, 75.734, 96.863, 0.0, 91.103]
210.47,[100.0, 500.0, 158.838, 187.917, 162.021, 110.345, 96.498, 0.058, 91.601]
210.48,[100.0, 494.126, 162.128, 188.558, 157.614, 112.688, 102.463, 0.0, 96.494]
210.57,[100.0, 491.222, 223.157, 199.631, 180.134, 85.681, 74.759, 0.346, 95.99]
210.67,[100.0, 488.875, 236.653, 187.055, 175.301, 85.817, 96.289, 0.0, 90.698]
210.79,[100.0, 500.0, 224.342, 189.572, 174.971, 84.954, 92.932, 0.081, 90.114]
211.01,[100.0, 441.02, 178.208, 200.0, 143.966, 112.892, 86.372, 0.2, 51.713]
211.06,[100.0, 487.028, 199.612, 187.17, 195.274, 82.44, 82.12, 0.0, 99.148]
211.23,[100.0, 499.126, 215.332, 200.0, 187.346, 75.8, 96.202, 0.183, 90.076]
211.25,[100.0, 500.0, 161.907, 200.0, 154.255, 90.424, 74.155, 0.0, 98.812]
211.44,[100.0, 500.0, 150.0, 183.406, 198.421, 104.301, 90.522, 0.0, 80.266]

   34.3474	:   32.4395
  447.0200	:  554.8457
  648.1470	:  707.1322
  653.4083	:  793.7837
  918.1419	:  889.2897
 1027.1306	:  974.0199
 1081.8688	: 1612.7027
 1362.4689	: 1616.7387
 1465.9186	: 1684.6414
 1493.4352	: 1694.9694
 1504.7950	: 1706.1789
 1804.7402	: 1714.1991
 3007.0426	: 2690.3050
 3061.0709	: 3109.3313
 3087.9840	: 3110.8663

    0.9445
    1.2412
    1.0910
    1.2148
    0.9686
    0.9483
    1.4907
    1.1866
    1.1492
    1.1349
    1.1338
    0.9498
    0.8947
    1.0158
    1.0074

set oacb1 100.00
set oacb2 500.00
set oacb3 150.00
set oaca1 185.26
set oaca2 200.00
set oaca3 97.63
set oaca4 103.51
set oacd1 0.24
set oaci1 87.35
