Generation: 665 (runtime: 82671 seconds)
22.394532673111485,[316.2139379224611,48.128154984511916,581.816835449988,33.74557712004374,75.06583256091656,18.776891980226257,21.92204151942489,0.16434556261385394,75.28848904546021]
22.39454585297548,[316.2139379224611,48.128154984511916,581.816835449988,33.74557712004374,75.06583256091656,18.776891980226257,21.92204151942489,0.16434556261385394,75.32043995875594]
22.394572357079763,[316.2141887034476,48.10265592447616,581.8466584813533,33.74508013001603,75.122559471423,18.72022352855951,21.9328444936236,0.16255000814733922,75.28641394826477]
22.39458657019542,[316.21086645126616,48.14702152476354,581.8215835961508,33.74553016392335,75.0769939457398,18.75280584502529,21.922403831410755,0.16435329242677704,75.28471089816605]
22.394641749284286,[316.21894802313125,48.00242343625839,581.8122965439687,33.74525450238552,75.17502733656254,18.70000571366201,21.923441954927014,0.16497336259263315,75.22521788542998]
22.39467675319572,[316.218039379654,48.20209831435909,581.821524165342,33.74498465024557,75.07881696165484,18.729705614193314,21.92501332274092,0.16424714175344357,75.2915289365128]
22.39470260821162,[316.173337850533,48.11351275995515,581.8322481453699,33.74618117234903,75.08342414611019,18.774242865053804,21.925934589824223,0.16539608940802508,75.32447385625699]
22.394769862129365,[316.1947807732038,48.24481391279109,581.8187282512422,33.745542669286515,75.0845452535757,18.722348720119548,21.924336302577647,0.16445641088660348,75.2998817056704]
22.394771604329186,[316.1947807732038,48.24481391279109,581.8187282512422,33.745542669286515,75.0845452535757,18.722348720119548,21.924336302577647,0.16445641088660348,75.31979490897197]
22.394774687182494,[316.1823934980378,48.17740177513166,581.825251458075,33.74559646840239,75.08653764856982,18.731097778217357,21.92267721373318,0.164325864717085,75.27741770423724]
22.394816381644745,[316.2139738131797,48.221276734286626,581.8320297086245,33.745355207867874,75.0721312261964,18.720191733289745,21.92335497690044,0.16482785794480442,75.28633489753477]
22.394870660690597,[316.2139738131797,48.221276734286626,581.8320297086245,33.745355207867874,75.0721312261964,18.720191733289745,21.92335497690044,0.1651232813547341,75.25875794615007]
22.394902031532872,[316.21636362742515,48.247437716660954,581.8262765627652,33.74601397599827,75.08064462502264,18.725935741458294,21.92387538306901,0.16534790909191416,75.28908320146422]
22.394907442034164,[316.2144427373574,48.104267258309434,581.8224945430819,33.74623965168115,75.0621642609795,18.777444835252638,21.91611338219151,0.16425908086169722,75.312754059863]
22.394988603229848,[316.2130170581394,48.14218759187247,581.8136257860849,33.745402431246326,75.07107532586254,18.77606933566676,21.923444907189396,0.1651232813547341,75.25875794615007]
22.394996655652374,[316.2140794790716,48.24085775753182,581.8273315352535,33.74528903443919,75.07368324149064,18.71413719901209,21.92231023376122,0.16317082340351274,75.28130049991908]
22.395006059682043,[316.21726671291094,48.28278042556005,581.8326805758015,33.74524830822422,75.05507326235325,18.715004667216952,21.923107966539536,0.16454766019870448,75.30314364987404]
22.39502085830824,[316.2140097144779,48.223915861328926,581.8286088903517,33.74530134915003,75.07348293387315,18.720093607600635,21.92266738231725,0.16482019087312977,75.28295616834242]
22.395059663182572,[316.2140794790716,48.22446367834064,581.8273315352535,33.74528903443919,75.07368324149064,18.7199194227385,21.92231023376122,0.16476347449901485,75.28130049991908]
22.395060517455462,[316.218039379654,48.20209831435909,581.821524165342,33.74498465024557,75.07881696165484,18.729705614193314,21.92402756724792,0.1646578940458999,75.29145876988702]
22.395090899451368,[316.218039379654,48.20209831435909,581.821524165342,33.74498465024557,75.07881696165484,18.729705614193314,21.9238865396403,0.16440510348408785,75.28492187730164]
22.395114590254988,[316.20623556676605,48.230214598641076,581.8274662836692,33.74535347733537,75.07646276238535,18.718062251933723,21.922360574654125,0.1635238392045574,75.28521485618796]
22.395116009490216,[316.2199971423192,48.2403271435194,581.8318285197961,33.74498200151204,75.0618810397605,18.715910640257967,21.92229118799902,0.16387327089838788,75.3371426211702]
22.39513594930375,[316.20833122466877,48.26776428100881,581.8317240050402,33.74515963624882,75.07762146586023,18.70213837971467,21.924705949894076,0.16437064267088258,75.27054828356742]
22.395144201172865,[316.218039379654,48.20209831435909,581.821524165342,33.74498465024557,75.07881696165484,18.729705614193314,21.9238865396403,0.16499397338049784,75.2911214984678]
22.39514736532687,[316.2155688594982,48.284171800232365,581.8300557033886,33.74609790084581,75.08232507200361,18.710158242913494,21.92384882844367,0.1654946156243992,75.3153565948501]
22.39514736532687,[316.2155688594982,48.284171800232365,581.8300557033886,33.74609790084581,75.08232507200361,18.710158242913494,21.92384882844367,0.1654946156243992,75.3153565948501]
22.395152002539323,[316.21534281782704,48.21138460098441,581.8306713263662,33.74485494616823,75.06150024984301,18.72213545767847,21.92193433042621,0.16563702513504022,75.24762430186217]
22.395179868693162,[316.2063200642019,48.14190848544586,581.8158291830186,33.7454979746821,75.07348128915467,18.775557345670123,21.923481532850644,0.16517025997850893,75.30953432108574]
22.39518083539796,[316.2246455574348,48.324157121987284,581.8278882303395,33.74555579760687,75.05216614633581,18.720219852120845,21.923653804188778,0.16445508669281766,75.29418020116262]
22.39518085029797,[316.173337850533,48.11301092386687,581.8322481453699,33.74618117234903,75.08342414611019,18.774242865053804,21.92446022111725,0.165238306563747,75.31871843697795]
22.395199550446073,[316.2497676665652,48.42851494418889,581.804932678508,33.745119381061194,75.00810507602743,18.77197566883744,21.92961866208141,0.16467281204993311,75.25619374194622]
22.395218472716056,[316.20523338735995,48.2524006608342,581.8313391426856,33.74521354476023,75.07930671099254,18.70675348196022,21.924207738019156,0.16444264622883353,75.28085109929154]
22.39523817604129,[316.22709810842923,48.30280954503268,581.8299010635966,33.74455052299606,75.05368423786814,18.701048889172196,21.92396215088724,0.16506969528774618,75.29375582639119]
22.395253901419746,[316.1983031388619,48.24294792494939,581.8231898425691,33.745281566008046,75.08136418099362,18.71343847828635,21.92266309638246,0.16458112598509883,75.28847192161125]
22.39526185974735,[316.23708501981935,48.30873317198212,581.8327944026187,33.745073865816,75.04340496171676,18.714167548926888,21.92248468864402,0.1636695813742117,75.27741770423724]
22.395269452437294,[316.25390596393726,48.2606902062674,581.8277004981549,33.74516627812404,75.04055279046547,18.736123743708532,21.921341147621312,0.16512016380341046,75.26828305327837]
22.395310067819132,[316.23320437975167,48.33103225172835,581.8266714899612,33.744866044720496,75.04655587965303,18.709737431354476,21.923583822903854,0.16393123762279924,75.37008778473137]
22.395313448377618,[316.22644975366364,48.321270820657425,581.8315809711049,33.745102240066274,75.05790087916971,18.697026101888003,21.92284421686678,0.1641901958587431,75.36070951754985]
22.395350682332676,[316.24431291325027,48.32990096339102,581.8276320265226,33.745497299023,75.05265637033087,18.716822136349517,21.923663215877713,0.16459235119775356,75.29130908715516]
22.395350682332676,[316.24431291325027,48.32990096339102,581.8276320265226,33.745497299023,75.05265637033087,18.716822136349517,21.923663215877713,0.16459235119775356,75.29130908715516]
22.39535513932066,[316.24683817737673,48.21961293362884,581.8248422815665,33.74501221145161,75.07434929740162,18.726681763706473,21.92404297129469,0.16449922642372808,75.3027463814133]
22.39536009448768,[316.2192456031046,48.08514504329543,581.809278362729,33.74638218022874,75.03902204362441,18.780993196975597,21.903798099287073,0.16457206416371825,75.28155966908515]
22.395361187065163,[316.29324809849675,48.171071127137104,581.8213756038684,33.74505322630019,75.0220632521901,18.779734963421834,21.9184994881393,0.16253659768940665,75.26168112225682]
22.395363235308018,[316.2273195774925,48.309139699372686,581.8307470038891,33.74511672134522,75.05990594115788,18.70042321597124,21.92268853355486,0.1647238487832528,75.31981614623987]
22.395368240074642,[316.23538220217193,48.31658702172678,581.828067329327,33.7450814602813,75.07323731474514,18.688651979324142,21.923546626476902,0.16320314994849502,75.32742502733277]
22.39537198141674,[316.2152817229854,48.31859255179471,581.8326431585283,33.74492751445263,75.04548320784627,18.70493507230081,21.922312840198327,0.1636514180880385,75.42346855450806]
22.39537200898184,[316.22191002041876,48.07833103764083,581.8639514775485,33.74500836619496,75.22204686652995,18.66890341971094,21.94976913923231,0.16449922642372808,75.3027463814133]
22.39537267939713,[316.23620172854356,48.27537481902352,581.8324055010361,33.7452113490099,75.05433139924635,18.717608408361375,21.92217728275092,0.16421724435289897,75.3391981813233]
22.3953764101259,[316.2185908704983,48.32092152917585,581.8182873791714,33.74553979965993,75.08407823594283,18.706128917995244,21.925717265640003,0.16539760735335104,75.32863223623573]
22.395383139168143,[316.24683817737673,48.21961293362884,581.8248422815665,33.74501221145161,75.07434929740162,18.726681763706473,21.92404297129469,0.1647263817486072,75.32902879470033]
22.395385002406687,[316.22928158152473,48.31859255179471,581.8326431585283,33.74499088942153,75.04630646727682,18.70493507230081,21.922312840198327,0.1636514180880385,75.42346855450806]
22.39540159530443,[316.20872148193735,48.27181042785361,581.8239705434036,33.74518819490476,75.07195152228991,18.711295270645678,21.922474397949472,0.16449922642372808,75.3027463814133]
22.39541448421459,[316.2221160175132,48.29951826153561,581.8295885496966,33.74536136166332,75.08221958355199,18.69138837500544,21.92399432095908,0.16512529922638108,75.31149745833926]
22.395425920338447,[316.23708501981935,48.30873317198212,581.8327944026187,33.745073865816,75.04340496171676,18.714167548926888,21.92248468864402,0.1636695813742117,75.43090721780074]
22.395429369636936,[316.2255006171835,48.29951826153561,581.8295885496966,33.74536136166332,75.08221958355199,18.69138837500544,21.92399432095908,0.16512529922638108,75.31149745833926]
22.395433727976418,[316.2139738131797,48.221276734286626,581.8320297086245,33.745355207867874,75.072779431898,18.720191733289745,21.92178623828476,0.16482785794480442,75.28914545637814]
22.395455936184604,[316.2298730897019,48.27938970550829,581.8214661717423,33.74523763216036,75.07853580575114,18.70416597879333,21.92247398604012,0.1650027703866558,75.30519038567596]
22.395458653423827,[316.2489256966504,48.289924559263,581.825522202759,33.74519550599812,75.06442854806586,18.72095464060063,21.925261478267096,0.16502690732186914,75.31077455764768]
22.395472010340868,[316.22191002041876,48.07833103764083,581.8639514775485,33.74500836619496,75.22204686652995,18.66890341971094,21.94976913923231,0.15957108563472247,75.28875235463583]
22.395491055171146,[316.2631203194179,48.26776428100881,581.8317240050402,33.74515963624882,75.07762146586023,18.70213837971467,21.924705949894076,0.16437064267088258,75.27054828356742]
22.395492356880244,[316.2370316263843,48.3211930566518,581.826639167163,33.74525658392847,75.07673081624364,18.694767639167186,21.925025697783976,0.1653743596346416,75.30815289313017]
22.39549235987923,[316.21894802313125,48.14792573042784,581.8122965439687,33.74525450238552,75.07093280045048,18.77787053517204,21.923441954927014,0.16497336259263315,75.22521788542998]
22.395495628126614,[316.2539688928065,48.29448310120589,581.8325012926636,33.745183649229475,75.03980906559183,18.738132711187017,21.925335858206886,0.1655216719576125,75.3245823943702]
22.39549633838758,[316.2105328176398,48.37740960430621,581.8266114791522,33.74485780771019,75.05801032566032,18.682891772801206,21.924071413426873,0.16514303547021608,75.27997606377238]
22.395505249085158,[316.19717870618376,48.346292138876166,581.8310835124324,33.74378524726652,75.03701743425069,18.680684238453196,21.922304217544795,0.16519314069652635,75.33203400781832]
22.39551496960078,[316.24133777313193,48.34013319527921,581.8287729911001,33.74488107396225,75.06766034676781,18.68669346382667,21.9247739334512,0.16381479879650293,75.34190407179548]
22.395516629796543,[316.2445443497842,48.277863360099694,581.8278660934191,33.74538672505261,75.05379096903437,18.73473792398123,21.923910087942996,0.1650288648540018,75.27692230496169]
22.395522688539813,[316.2452479072586,48.212699414218065,581.8289454219066,33.745062736743535,75.07232209457803,18.733933884261496,21.92516267914031,0.1650841056210193,75.27471785760811]
22.395523094419318,[316.23708501981935,48.30873317198212,581.8327944026187,33.745073865816,75.0444293715635,18.714167548926888,21.92248468864402,0.1636695813742117,75.43090721780074]
22.395534582387686,[316.2198353080567,48.30895156853405,581.8298600524846,33.74511103415477,75.06672348984961,18.703847537436353,21.924506871312513,0.16448017829139505,75.2662741295763]
22.395534891376162,[316.2295391358555,48.29237147047735,581.8321203260349,33.74522676822542,75.05283180967413,18.723208409726514,21.924022774212602,0.16512432048438805,75.29735077978228]
22.395536493823915,[316.2083182599584,48.29317140005047,581.8309492190891,33.74531130868442,75.0614895407196,18.713928193193556,21.923041908587937,0.16436843908246912,75.30416348393884]
22.395541508973682,[316.2126493896715,48.31204660857964,581.8226351758202,33.74550236104472,75.07857342805369,18.692391033344975,21.920991327896516,0.16443908347168537,75.28139281677718]
22.395547779812045,[316.2449936070169,48.31924649154348,581.8324271815001,33.74513222554556,75.05016307467221,18.70917280932205,21.923662992564427,0.16595569834563934,75.26088880184699]
22.39555726617879,[316.2539688928065,48.29448310120589,581.8325012926636,33.745183649229475,75.03980906559183,18.738132711187017,21.925335858206886,0.16601450194393444,75.30489864276083]
22.395561678160277,[316.21427392469485,48.25997890554746,581.8311439884218,33.745205704928146,75.06014218471778,18.72684514235152,21.923297748516383,0.16378869590166215,75.27699385106698]
22.39556277730352,[316.2539688928065,48.29448310120589,581.8325012926636,33.745183649229475,75.03980906559183,18.738132711187017,21.925335858206886,0.16601450194393444,75.2720453827623]
22.395576623915392,[316.24848177762317,48.33291668013914,581.8284073567704,33.74495533301715,75.07355977657143,18.684416113436395,21.924737370470954,0.1638791559888062,75.36353331440583]
22.395581381436916,[316.1985727773522,48.353489577778866,581.8190053605073,33.74492720378274,75.09502937909085,18.668649189603666,21.925504344887507,0.1635010960607296,75.32261176315843]
22.395581973912975,[316.2481894335666,48.35040774348747,581.8255756603742,33.74500020536688,75.05549201014767,18.69870477142696,21.923845635313043,0.16509712293262424,75.2754336084342]
22.395582969795786,[316.2255006171835,48.45740675028989,581.7803667042598,33.743622629696645,75.07634073324458,18.653714901629684,21.922761545733437,0.1633624121542284,75.33968050835026]
22.395601754517706,[316.2192456031046,48.08514504329543,581.809278362729,33.74638218022874,75.03902204362441,18.780993196975597,21.903798099287073,0.16593883441346238,75.22370382351954]
22.395604162323284,[316.21429835397873,48.38748513731039,581.8268825241246,33.7458819329149,75.05065078539313,18.692914618057355,21.91919641237147,0.16440510348408785,75.28492187730164]
22.3956114055465,[316.2308571293886,48.321448372372565,581.8282009072894,33.746029786476285,75.06277250824704,18.72788419991508,21.924458699419386,0.16470687579420595,75.30605893107531]
22.395621849772542,[316.20443455963175,48.2226164876823,581.831375245746,33.745411495930234,75.08133833901476,18.720876697766496,21.92312490622235,0.16423786644218302,75.29036277875221]
22.39562761267392,[316.2306862778643,48.287803707853946,581.8230067593406,33.74521217366735,75.07758821153637,18.702386641139714,21.922660294068425,0.16501757140165224,75.31379122052786]
22.395633972642152,[316.22494701559424,48.322707967537,581.8305549178542,33.74403613172629,75.05417023413018,18.68877613569533,21.924962679738332,0.1652284340944789,75.32093928998556]
22.395649191362207,[316.22191002041876,48.26002438702616,581.8639514775485,33.74500836619496,75.07894692643475,18.66890341971094,21.92550276042953,0.16389613584504326,75.28875235463583]
22.39566177921448,[316.2189277703005,48.37319895748212,581.8221675666579,33.74580880992571,75.07291589330055,18.680210870331628,21.91996750119223,0.16432096819431463,75.28561430441873]
22.395662013616885,[316.2163276341263,48.326742015378976,581.8199106028044,33.74484931443092,75.06237936174243,18.708351550896623,21.92420388645356,0.16499263245761403,75.31531886630779]
22.395675759644014,[316.2493010485802,48.42781012408948,581.8227346088449,33.74505076981648,75.05756745170049,18.68668716008469,21.92728970410175,0.16515565942171145,75.2693759387202]
22.395681876223428,[316.24244715519006,48.336999400020346,581.829770308327,33.74501506164423,75.07131421888104,18.68440019014915,21.92422661644325,0.16471147940343753,75.29637486762275]
22.395682074349637,[316.21462434565547,48.25741508433174,581.8193388255329,33.745270260978174,75.08018461086745,18.717708719689202,21.922394421528438,0.16447193121435516,75.281219586086]
22.395686009669546,[316.230407517904,48.33743636186687,581.8512381077431,33.74501349593315,75.07134714187384,18.66039364977538,21.924893979918817,0.16462581171530238,75.26231718991592]
22.395687760667055,[316.21918144119974,48.34367341065993,581.826626296425,33.74430213949878,75.05738145421165,18.685852460750304,21.92404297129469,0.1647263817486072,75.32902879470033]
22.395692133012545,[316.20983851161657,48.377612718719796,581.8289861781999,33.745853391483735,75.05676643654095,18.699528689581385,21.92195760836487,0.16443637202358877,75.28422919694088]
22.395696280226364,[316.2225497677606,48.27288187127445,581.8236580084437,33.744984487971784,75.06812289080935,18.71270764518152,21.92261154857146,0.16579152367189437,75.28765322947358]
22.395700467198562,[316.2052125621363,48.219898633306656,581.8317424419179,33.74533465639897,75.08485598376129,18.72124890614892,21.92419299399652,0.16408813805267525,75.30415831572026]
22.395704766444464,[316.2245424607064,48.39058888772126,581.8237115576039,33.74381359220213,75.05044272343244,18.662011227531643,21.922701932965907,0.163823876463691,75.29547190993901]
.
   39.7944	:   36.6241
  417.5917	:  398.3646
  604.1274	:  571.9080
  611.4816	:  586.7991
  855.6104	:  830.4808
  963.7586	:  914.6324
 1005.1970	:  948.3891
 1280.5920	: 1257.0541
 1359.7412	: 1321.9639
 1429.5404	: 1340.0692
 1441.1490	: 1348.3376
 1743.8179	: 1681.0246
 2976.6431	: 2830.6367
 3041.1556	: 2930.1716
 3065.0242	: 2930.9291

    0.9203
    0.9540
    0.9467
    0.9596
    0.9706
    0.9490
    0.9435
    0.9816
    0.9722
    0.9374
    0.9356
    0.9640
    0.9509
    0.9635
    0.9562
