Generation: 1038 (runtime: 83547 seconds)
61.42020878010763,[329.73351529905705,552.2159791313732,200.46805171470635,33.46036313640725,100.90897152399901,49.36455390795381,24.832484457712667,4.909258140245549e-05]
61.42020997990256,[329.72809632853824,552.215746841021,200.4694429259044,33.46036326939438,100.90896975194761,49.36152766250203,24.832539776265882,4.909258132008043e-05]
61.42021107434905,[329.726394999464,552.2130087554673,200.46805765496762,33.4603631386039,100.90897341043424,49.36542810583866,24.832397921520258,4.909258142696643e-05]
61.42021192247098,[329.735708339386,552.2152531541973,200.46914676494097,33.46036313358312,100.90895958606725,49.36378899045959,24.832566810885133,4.909258126551803e-05]
61.42021327174108,[329.73206384139326,552.2146207443811,200.46801828858796,33.46036312804286,100.90895727206785,49.365058223454255,24.83241016884561,4.909258158194512e-05]
61.420213417007666,[329.7342871839148,552.217207738973,200.46823545495377,33.46036313331519,100.90896262947695,49.36349942763461,24.83259972025511,4.909258123892529e-05]
61.42021380877345,[329.7302282033734,552.2165757381878,200.46885752346049,33.46036324352051,100.90898871884147,49.36214728467661,24.832594045316714,4.909258139466064e-05]
61.42021380877345,[329.7302282033734,552.2165757381878,200.46885752346049,33.46036324352051,100.90898871884147,49.36214728467661,24.832594045316714,4.909258139466064e-05]
61.42021442717189,[329.7311314974989,552.2152977106655,200.46870042430683,33.46036316513451,100.9089692530668,49.36374730390279,24.832622510650943,4.909258114614126e-05]
61.420214565424004,[329.7289782531458,552.214962707237,200.46943136779362,33.46036329240904,100.90904700287822,49.36212245670623,24.832586746781836,4.909258118267086e-05]
61.420214997201505,[329.7353764138382,552.2149889115412,200.4690402355878,33.460363134148125,100.90896658510253,49.364111534475086,24.832610609251475,4.909258124302096e-05]
61.42021519948016,[329.733171197412,552.2156403468268,200.4682803901522,33.46036312433297,100.90895935050625,49.364467278892874,24.832606577134108,4.909258139231696e-05]
61.420215366899235,[329.7347064610269,552.216539723052,200.46879759970716,33.460363134901435,100.9089743574202,49.3632286698002,24.832657353474797,4.909258126684741e-05]
61.420215366899235,[329.7347064610269,552.216539723052,200.46879759970716,33.460363134901435,100.9089743574202,49.3632286698002,24.832657353474797,4.909258126684741e-05]
61.42021572431283,[329.73232249532794,552.2166404637129,200.46925226154343,33.46036316986624,100.90897137611776,49.36157285462549,24.832549437245568,4.909258134844044e-05]
61.42021585851571,[329.730266242541,552.2144448799955,200.4685720827567,33.46036312003763,100.90895768886145,49.36436814627152,24.83259003976501,4.909258134084427e-05]
61.42021620467539,[329.7222086230729,552.2143200827477,200.4700813821716,33.460363315546346,100.9090466159943,49.36016280406669,24.832512360053876,4.909258130712356e-05]
61.42021682429231,[329.7356146733594,552.214901311173,200.46924972333744,33.46036313317468,100.9089587976537,49.36377874591655,24.832606114461285,4.909258143552301e-05]
61.42021692919874,[329.72760660709775,552.2151136671637,200.46831021482316,33.46036315163566,100.90897601153681,49.363730540133545,24.832588502795737,4.909258128839308e-05]
61.420216947898645,[329.7338105787619,552.2160643359882,200.46847633376325,33.460363132830075,100.90896399295146,49.36388347405226,24.832635077127897,4.909258144338263e-05]
61.420217243841094,[329.733171197412,552.2156403468268,200.4682803901522,33.46036312433297,100.90895508739024,49.36448159038324,24.83264059319915,4.909258160377246e-05]
61.420217328363115,[329.73280700760466,552.2171259433671,200.4678554686085,33.460363123974325,100.9089510063381,49.36387114982481,24.832625259746198,4.909258163355624e-05]
61.420217527659204,[329.7184008836925,552.2145097630064,200.47037802043266,33.46036332076793,100.90896733469219,49.35870048318442,24.832397921520258,4.909258134038287e-05]
61.420217622737844,[329.73518146155425,552.2152711876142,200.46857101797167,33.46036312130348,100.90895693757157,49.3647135264298,24.83266564106829,4.909258134103127e-05]
61.42021762303202,[329.7311006869759,552.2170474404678,200.46851968317276,33.46036319611777,100.9089633590647,49.36231243772647,24.8325820063231,4.909258134854299e-05]
61.42021768005041,[329.7346536019636,552.2158644195953,200.46829871540763,33.46036313499627,100.90896203398596,49.364592985436396,24.83267086051095,4.909258139058579e-05]
61.42021796816454,[329.7305864366038,552.2156794422407,200.46964673337877,33.460363314549554,100.90900363568342,49.361140871124405,24.83251972615507,4.909258131157183e-05]
61.420217973830304,[329.7287310711821,552.2138967258525,200.46861127736912,33.46036302462441,100.90895893614532,49.36432019068578,24.832563508623473,4.909258117700273e-05]
61.42021801621664,[329.7332114656761,552.2172212918117,200.4677722177625,33.46036312758674,100.9089581876293,49.36393607492606,24.832617783136506,4.909258153599248e-05]
61.42021822755922,[329.7353764138382,552.2149889115412,200.4690402355878,33.46036323633598,100.90896584604693,49.3641215479853,24.832661994067035,4.909258129460426e-05]
61.42021823022131,[329.7324547568899,552.2173853916187,200.46802051440673,33.460363150925986,100.90897367428138,49.36317263580857,24.832612262013047,4.909258142241479e-05]
61.42021834248332,[329.7318520777226,552.2150515191927,200.46869627476292,33.46036316339189,100.90896531660928,49.364042499294854,24.832670877050123,4.909258142279075e-05]
61.42021894743914,[329.73466443883075,552.2173457082986,200.46759346090755,33.46036312969517,100.90895317788333,49.364380152716315,24.832622934826333,4.909258156128993e-05]
61.42021903546031,[329.7305779358586,552.2137657141142,200.46880110701306,33.46036316801927,100.90897069472098,49.36446288371545,24.83260606303426,4.909258145026153e-05]
61.42021907695926,[329.72321969625926,552.2141615801154,200.4699597706096,33.46036331494116,100.90905184872634,49.36062001116111,24.83254945547762,4.909258122807048e-05]
61.420219111580295,[329.7355878971768,552.2167796543868,200.46835785646383,33.4603631338451,100.90896271299471,49.3638791335645,24.832689437510115,4.909258130867928e-05]
61.42021968496938,[329.7263996985654,552.2147382015746,200.46838271709944,33.46036330944416,100.90897059485343,49.36370322019721,24.832620695875775,4.909258124215471e-05]
61.420219837654436,[329.72854726712717,552.2136296259018,200.46865656547652,33.46036324639945,100.90896296904639,49.364466986280846,24.832606146137078,4.909258142251659e-05]
61.420219933443654,[329.73164547774945,552.2154084747776,200.4678429550056,33.460362672989355,100.9089546836374,49.36491134956666,24.832604992178478,4.909258085065296e-05]
61.42022010340443,[329.7326009783819,552.2174737848662,200.46758584666566,33.46036313731511,100.90895389233746,49.36386333655291,24.832624310723983,4.909258165725266e-05]
61.420220310473674,[329.731838499713,552.2137394209691,200.4689553027095,33.46036321368723,100.90896007341378,49.3646269329086,24.832678836283797,4.909258130374627e-05]
61.42022035094172,[329.7349792075272,552.2150158765352,200.468910610009,33.46036314487021,100.90896643557825,49.36411493826918,24.832655241980802,4.909258128541103e-05]
61.420220359886486,[329.7251169634874,552.2130585063186,200.4689335254956,33.46036335356466,100.90899092533286,49.36366537665077,24.83255247424037,4.909258110147741e-05]
61.42022046750217,[329.7341911731413,552.217309033427,200.46788592101115,33.460363133929135,100.90896172468872,49.36364972725465,24.832596832491028,4.909258134181965e-05]
61.42022049878363,[329.72976937159797,552.2149004388466,200.4681766118075,33.460363240323304,100.90895824394467,49.3644661633884,24.832622515821456,4.909258140100995e-05]
61.42022051951025,[329.7326009783819,552.2174737848662,200.46758584666566,33.46036313731511,100.90895389233746,49.36374953378143,24.83259463212718,4.909258163536595e-05]
61.420220565014944,[329.7230537826041,552.2147813509551,200.46947273688215,33.46036325928798,100.9089729475228,49.36078123469746,24.832480147446837,4.909258124693653e-05]
61.420220745811555,[329.72379153853404,552.2141615801154,200.4699597706096,33.46036331494116,100.90905184872634,49.36062001116111,24.83254945547762,4.909258122807048e-05]
61.42022077266276,[329.73120263373653,552.215746841021,200.4694429259044,33.46036326939438,100.90896975194761,49.36152766250203,24.832539776265882,4.909258132008043e-05]
61.42022082941467,[329.731264272461,552.2155264746592,200.46994503481912,33.46036331939589,100.90896471497145,49.36085063514817,24.83253335720339,4.909258134208693e-05]
61.420220868093764,[329.7326047321144,552.2161511107065,200.4681633734913,33.460363158299785,100.90895741165939,49.364076411811,24.832672187428983,4.909258130094314e-05]
61.42022113065167,[329.7275367979362,552.2135549628513,200.4685642321257,33.46036324987553,100.90895935050625,49.364467278892874,24.832606577134108,4.909258139231696e-05]
61.42022113065167,[329.7275367979362,552.2135549628513,200.4685642321257,33.46036324987553,100.90895935050625,49.364467278892874,24.832606577134108,4.909258139231696e-05]
61.42022142565828,[329.72982901627694,552.2143079679963,200.46833056902264,33.46036313718685,100.90895483637271,49.36479721297749,24.83266591704713,4.909258148856323e-05]
61.420221561025535,[329.7326009783819,552.2174878950616,200.4675358459171,33.46036313409443,100.90895434589757,49.36386333655291,24.832624310723983,4.909258165725266e-05]
61.42022159597527,[329.73132998537284,552.2159284359714,200.46808838116368,33.46036313700763,100.90895124912701,49.364191553398115,24.832689696526206,4.909258145290336e-05]
61.42022170419207,[329.7349215754641,552.2152153657655,200.4688815000348,33.46036313734531,100.90897949790781,49.36367203313648,24.832581438679785,4.909258119890581e-05]
61.42022184259079,[329.7238622949215,552.2136558560992,200.4699188222491,33.46036327576823,100.90904528927165,49.36121734613677,24.832590766199505,4.909258126700782e-05]
61.42022200872638,[329.7349845697378,552.2164636689317,200.46835755475973,33.46036312762238,100.90898602972416,49.3639172046644,24.83271121169397,4.909258147020751e-05]
61.42022203950062,[329.7326115450862,552.217479515528,200.46753724284187,33.46036313433315,100.90895394728557,49.36381318364168,24.83261312745612,4.909258164484251e-05]
61.42022210798924,[329.73465201402354,552.2164644899531,200.46834222276522,33.460363128245596,100.90896768000015,49.363912038034286,24.832710261326405,4.909258146438292e-05]
61.420222187794614,[329.7334627121161,552.2150236039244,200.46870483776908,33.46036323633598,100.90896584604693,49.3641215479853,24.832661994067035,4.909258129460426e-05]
61.420222412829965,[329.7338348118335,552.2166317224624,200.46828051038312,33.46036315061997,100.90902807997612,49.363567078799846,24.832702115523965,4.909258143990193e-05]
61.42022242381778,[329.73332913988526,552.2174905674705,200.46762787761412,33.46036313339521,100.90896346902626,49.3637263300279,24.832610555425234,4.909258164973668e-05]
61.42022243746678,[329.7354753898098,552.2144012921827,200.46906611235792,33.46036313020686,100.90895197368555,49.364499636442424,24.832692246484868,4.909258136947353e-05]
61.42022244967113,[329.73399345895143,552.2175297950571,200.46766519090522,33.46036313255664,100.90896372719612,49.36371217391243,24.832598353636335,4.909258165076512e-05]
61.420222586570894,[329.7341628897484,552.2173949514549,200.46793527378674,33.46036313323499,100.90896267582784,49.36364821934618,24.8326815552828,4.909258141443258e-05]
61.42022271153998,[329.73518183520395,552.2163449097998,200.468366520592,33.460363126148444,100.90900916450212,49.36396771529031,24.832713059251628,4.909258147661256e-05]
61.420222711862166,[329.7356138987376,552.2142152881748,200.46955524390154,33.46036313086931,100.90895822661614,49.36377841553628,24.83268306770599,4.909258143571563e-05]
61.42022283735429,[329.735569977483,552.2172382533852,200.4680425982449,33.46036313256421,100.90896005539699,49.3638944476382,24.832698856815085,4.909258137794089e-05]
61.420222857572654,[329.7330491782747,552.2173776056366,200.46804620946648,33.4603631349405,100.90895961575224,49.36303673071876,24.832611114917754,4.909258130808134e-05]
61.42022297699958,[329.7342410561693,552.2166317723855,200.4684288689,33.46036313442043,100.90902974254631,49.363379426735534,24.83270829379247,4.909258137668666e-05]
61.42022301541911,[329.73404270406354,552.2174997672511,200.467668328726,33.460363133331484,100.90895982482934,49.36361237366921,24.83256320178872,4.909258124233833e-05]
61.42022310762466,[329.7323578800496,552.2171003309545,200.4681556363362,33.46036313362403,100.9089939722509,49.363168705950216,24.832704375845037,4.909258136307755e-05]
61.42022316258299,[329.73400362357586,552.2164941266306,200.4683069490441,33.46036313127866,100.90896384671186,49.363675311995095,24.832674890025412,4.909258145561949e-05]
61.42022321364871,[329.72930775380706,552.2154851801159,200.46828892869522,33.46036321733989,100.90896195707548,49.36370908908999,24.83266952041923,4.909258123708967e-05]
61.42022328392523,[329.73327707364257,552.2174293252633,200.46810358501176,33.46036313321267,100.90896859730623,49.36319836152534,24.832705193761733,4.909258159200333e-05]
61.420223287883175,[329.7350264661558,552.2151704839002,200.46900166004556,33.46036314118595,100.90897099189223,49.36350240240144,24.832597833096195,4.909258122037078e-05]
61.42022333208585,[329.72702715016646,552.214733152797,200.46915457499375,33.46036326572926,100.90901887057555,49.36198497699657,24.832553583033274,4.909258130953161e-05]
61.420223345410825,[329.73395956795264,552.2175199779848,200.46755321517605,33.46036313761385,100.90897885769522,49.36379358295136,24.832585644967505,4.909258137854291e-05]
61.420223406049374,[329.7339920237734,552.2152027860642,200.46886834345074,33.46036317199133,100.9089958244258,49.363458128647714,24.832597436306223,4.909258113172169e-05]
61.42022357486048,[329.7339646335197,552.2175369417046,200.46766027306478,33.460363132659324,100.90896259574859,49.36361997041043,24.832584096957866,4.909258142140504e-05]
61.42022369451395,[329.73496948965237,552.2167372944576,200.4685449166371,33.46036312819304,100.90903192059352,49.36320501632505,24.83271341575549,4.909258121380087e-05]
61.42022369451395,[329.73496948965237,552.2167372944576,200.4685449166371,33.46036312819304,100.90903192059352,49.36320501632505,24.83271341575549,4.909258121380087e-05]
61.42022369884438,[329.7354975596342,552.2167129849847,200.46771831322764,33.460363124045635,100.90895121575787,49.364857043289206,24.832696852607928,4.909258158897027e-05]
61.42022380995668,[329.73429356499383,552.2158746099735,200.46855066533658,33.46036313409938,100.90897341814372,49.363694404304596,24.832648799466114,4.909258154625813e-05]
61.420223826741676,[329.73219680845585,552.2157946919066,200.4682234723187,33.46036313496971,100.90895827097856,49.36411796783525,24.832693347800486,4.909258123235667e-05]
61.420223840605274,[329.7222086230729,552.2143200827477,200.4700813821716,33.460363315546346,100.9090466159943,49.36016280406669,24.832632658782064,4.909258123371296e-05]
61.42022389761359,[329.7332724745367,552.2174878950616,200.4675358459171,33.46036313409443,100.90895434589757,49.36386333655291,24.832624310723983,4.909258165725266e-05]
61.42022392252738,[329.7316617402432,552.2171853742609,200.46805746738607,33.460363133676125,100.90896513692046,49.36315957672653,24.83270427510496,4.909258138654242e-05]
61.420223974776164,[329.73217455192025,552.2155284195769,200.46781789330873,33.460363133426384,100.90895828802324,49.364738394850235,24.83259793484381,4.909258084163965e-05]
61.42022409322037,[329.72338646931837,552.2133054951986,200.4686368243274,33.46036276984788,100.90895592862589,49.36361237366921,24.83256320178872,4.909258124233833e-05]
61.42022409371433,[329.7309088495067,552.2172744580237,200.46818288348018,33.460363199684856,100.90898165452725,49.36251109517233,24.832643448950094,4.909258142545845e-05]
61.42022415674722,[329.72793964369305,552.215404656118,200.46803503414912,33.460363135807654,100.9089549309983,49.36401060442449,24.832688048928347,4.909258142922082e-05]
61.420224214077265,[329.7297192533152,552.2166647402225,200.46807489013696,33.460363130662365,100.90895375843606,49.36315218299593,24.832677772431264,4.909258148614136e-05]
61.42022439936225,[329.7347903347053,552.2169556124384,200.4676745050282,33.460363125245344,100.90895002980301,49.36455721991193,24.832695796653457,4.909258154988055e-05]
61.42022446554619,[329.7347903347053,552.2169556124384,200.4676745050282,33.460363125245344,100.90895002980301,49.36455721991193,24.832695796653457,4.909258134360535e-05]
61.420224473353755,[329.7343346091228,552.2170284602806,200.4681332041727,33.46036313362607,100.90896378647898,49.36348872796103,24.83266283707172,4.909258136412462e-05]
61.42022459169673,[329.73077221501273,552.2151538323651,200.46819913891815,33.46036294460185,100.90895362544785,49.36439718051908,24.832688839744577,4.909258153717469e-05]
61.42022464839264,[329.7315916925656,552.2172949644178,200.4680041345769,33.46036313416748,100.90894864489165,49.36314533228274,24.832704269998857,4.909258143731089e-05]
.
   39.7544	:  128.3904
  417.5913	:  407.6244
  604.1190	:  530.5145
  611.4828	:  731.6689
  855.6113	:  764.1919
  963.7589	:  828.1961
 1005.1939	:  900.9941
 1280.5825	: 1242.6572
 1359.7423	: 1352.8166
 1429.5450	: 1363.3002
 1441.1376	: 1389.4789
 1743.8185	: 1656.9628
 2976.6525	: 2825.6028
 3041.1461	: 2926.8664
 3065.0735	: 2934.5053

    3.2296
    0.9761
    0.8782
    1.1965
    0.8932
    0.8593
    0.8963
    0.9704
    0.9949
    0.9537
    0.9642
    0.9502
    0.9493
    0.9624
    0.9574
