Generation: 1950 (runtime: 129377 seconds)
13.920453780400525,[330.3222624115261,61.69145609962352,827.3755286259025,516.0307192829606,123.18221617074525,36.10011849737938,47.573597611082434,26.784153058329014,110.69816937824547,6.111279848513701,121.42835312324263,1.5569998542427772,1.6474435082710914,0.005601956957814422,0.0017282819541852086,119.9066871167943]
13.920467454389271,[330.32178385535775,61.691994324810516,827.3755592208355,516.0316117205087,123.18185272482653,36.10011435385767,47.57355380791135,26.78421844671871,110.6976273246291,6.111306887335298,121.42827838544086,1.5570576459623067,1.647438433328834,0.005596848961711209,0.0017326055942834247,119.91726242304557]
13.92047144704829,[330.3220065284711,61.69210563414796,827.3755405001133,516.0317832126423,123.18228301107885,36.10012387262456,47.57365025254561,26.78414117346073,110.69819501511682,6.111747094831439,121.42866699179348,1.5570137823744175,1.6473741520388128,0.005612394604222138,0.0017287162297668123,119.9067775477541]
13.920471747472856,[330.3370529245332,61.6928760144218,827.3755145893516,516.0332459918876,123.18163741768544,36.10011237180105,47.573599706299,26.784167319505944,110.69761508988175,6.111492126945887,121.42808337885707,1.5570597724266684,1.6475495610127704,0.005591387895667509,0.001733444592789313,119.91743721551828]
13.920472218624978,[330.3226388796363,61.69220521714068,827.3748977211577,516.0320184790694,123.18226236541875,36.10012462414427,47.57347682548393,26.784233512958174,110.69791725609801,6.111323692735147,121.4284141856294,1.5570521004481663,1.6473936574169268,0.005597747754277656,0.001731508554273842,119.90577838886779]
13.920473955723791,[330.32187846446476,61.69146350126998,827.3755141748237,516.0318455637694,123.18236434734926,36.100118410281944,47.57357854497801,26.78415328223713,110.69800114581281,6.111664298442771,121.42858599416037,1.5570107549926393,1.6474054698684286,0.005610356420741218,0.0017291544715651148,119.90611090856648]
13.920476089702017,[330.3222763209625,61.691863578114734,827.3756079705431,516.0303392297333,123.18220026232515,36.10011421657549,47.573445778511406,26.784172669488598,110.69750909700277,6.111260362514604,121.42849417548261,1.5570071225239777,1.647470240505414,0.005601605456456492,0.0017305178215561807,119.90376093332077]
13.920478493905373,[330.3213839153338,61.691653150289866,827.3754018299132,516.0288814439372,123.18214973937883,36.100118245587986,47.573561539232315,26.7841700314047,110.69746938366208,6.111368905434581,121.42840699133791,1.557005032014265,1.6474422543708651,0.00560134181881198,0.001731251871109671,119.90798859206876]
13.92047858645737,[330.31981493828266,61.69201335089067,827.3759152195099,516.0321707174248,123.18163741768544,36.10011237180105,47.573599706299,26.784167319505944,110.69761508988175,6.111492126945887,121.42808337885707,1.5570597724266684,1.6475495610127704,0.005591387895667509,0.001733444592789313,119.91743721551828]
13.920479154912378,[330.3260317066192,61.692896929757396,827.3755910397433,516.0283969359897,123.18253403872062,36.100161749999614,47.57363515641367,26.784166743037694,110.69815866084565,6.111870558905944,121.42868710606228,1.5570743444925204,1.6473864473541338,0.005607149430878025,0.001731233886135389,119.90726270582611]
13.920480472973622,[330.3237363435921,61.6933099183766,827.3756742823612,516.0312678789242,123.18223634179498,36.10011258180366,47.57341015054237,26.78416898088096,110.69761535634741,6.11168376238861,121.42854796613274,1.5570638741808942,1.6475423584355322,0.005599793506520726,0.0017328692084866539,119.91635006214054]
13.920481067074492,[330.3226742783802,61.69301670516769,827.3757521073535,516.0304075912276,123.18218332911134,36.100098644354595,47.57341578933135,26.784257686019522,110.69613519537522,6.110768563206312,121.42854440393711,1.5570045626431053,1.64760148682242,0.005596149882201199,0.0017291152553406738,119.9133175624991]
13.920481571929509,[330.3221514272376,61.692060243083574,827.3756913590987,516.0281901547011,123.18182493223006,36.10010120885242,47.57334663422693,26.784233494041924,110.69667362083172,6.110885536289556,121.42840150018124,1.5569983730556185,1.6475487464595535,0.0055996954876504955,0.001732534680193296,119.90999858493372]
13.920482213061163,[330.3245442089378,61.6928457799814,827.3757182313102,516.029741259792,123.1826705478347,36.10011947299383,47.573383947930296,26.78420339945749,110.69782001276869,6.11158289921522,121.42869193388162,1.5570531449207694,1.6474705544829644,0.0055955860826614415,0.0017309207073548096,119.90448814788775]
13.920482353791874,[330.32915043577805,61.693217386981246,827.3755152538163,516.0310016927585,123.18168446370697,36.100113515865075,47.5735992674356,26.784170189073784,110.69761830398794,6.111537261127172,121.42808673069567,1.5570609057916185,1.6474903830030727,0.005595263874058437,0.0017329037306018252,119.9064634074042]
13.920483053258918,[330.3222979473634,61.69127190396038,827.3754153470296,516.0297464538164,123.18246054706374,36.10012199392173,47.57347678430218,26.784178990556377,110.69793216834718,6.111644109388503,121.42847529966883,1.5570590749384179,1.647281752206741,0.005607237062727391,0.0017344750368509896,119.90410307131587]
13.920483898821306,[330.3267128555351,61.69274673044108,827.375743581681,516.0282354283964,123.18246411086199,36.10016359132949,47.57355274655649,26.78420258933776,110.69774864756516,6.111682083038817,121.42865829297915,1.5570257525598434,1.6473838419834372,0.005592153072947798,0.0017289882339474498,119.90860778913765]
13.920485700815346,[330.32525866804383,61.69296356877025,827.3751054755966,516.0276704760923,123.18234545844408,36.1001601710154,47.57355381156222,26.78420234335306,110.69772277279732,6.1116954043268334,121.42865569457189,1.5570308262727992,1.647273765363237,0.005597686183056076,0.0017319476906602392,119.91115015635319]
13.920485778039293,[330.3235789492579,61.692281183520635,827.3758264139299,516.0323636604411,123.18226581074346,36.10013293111697,47.573279609340204,26.784210170970688,110.69783516085302,6.111411955067643,121.42835246453218,1.5570417873524671,1.6474080681456607,0.005606466875118688,0.0017335898550886637,119.89952090950095]
13.920486240515292,[330.3231341291258,61.69228167494231,827.3755661154757,516.0346700906458,123.1817259279573,36.10012041284936,47.57349693267188,26.784239426268996,110.69781520126169,6.111413745542699,121.42858232349982,1.5570352321345,1.647576012448297,0.0056070097706214135,0.0017360536296108498,119.8976946999398]
13.92048629602811,[330.3278011198819,61.693295024905034,827.374920896971,516.0324858513649,123.18207897554079,36.10011591508813,47.573194364669334,26.78418731573801,110.6977395067725,6.111489944788218,121.42833959421034,1.557044649107212,1.6473407558451174,0.005593226995622943,0.0017353399958720621,119.9042396194601]
13.920487528030176,[330.3246863263308,61.6925329924266,827.3757492786953,516.0226297091705,123.1828701843296,36.10014697126319,47.57358438528881,26.784180469406827,110.69763656303834,6.111326798943008,121.42850278934846,1.5570196430829215,1.6471848250232788,0.005607406695803603,0.001736669070051217,119.89406760782089]
13.920487776010889,[330.321924675433,61.69199292951902,827.3755084399544,516.0321630071314,123.18242055024632,36.10012412716109,47.57346998234536,26.784217372105193,110.69796778048573,6.111658236170988,121.4283845415901,1.5570567323453341,1.6474396326623078,0.005604558863307562,0.001729412807673545,119.90339802680177]
13.920489367386175,[330.32363867444514,61.69256262828119,827.3757062227943,516.0258093824309,123.18154440442605,36.10010008768598,47.57337504824236,26.784311413113265,110.69645352179091,6.1105643221690205,121.42835219312627,1.5569951671722384,1.6475607735462037,0.005591386826683648,0.0017314304690326577,119.90175605679615]
13.920489385702348,[330.3250135856281,61.692691362233276,827.3755458141325,516.0321559923782,123.18192518991248,36.100116947341334,47.573427681380394,26.784196143634865,110.69776633122729,6.111623896370681,121.42840491958106,1.557046502980938,1.64734172482361,0.005601165782445077,0.0017330086296224734,119.90378469793046]
13.920489915665424,[330.3220596286841,61.69266080653381,827.3757932207066,516.0280987143885,123.18245046492918,36.10011031875115,47.57339971431942,26.78425000465365,110.69693456977382,6.110880501991691,121.42856216313405,1.5569919313822271,1.647564236831913,0.00558553607836884,0.0017299968969267498,119.89576642959959]
13.92049005929919,[330.32819622195836,61.69324913795344,827.3756316539727,516.0308393049661,123.18169436611966,36.100114264564134,47.57359631111082,26.78417661378755,110.69763666489462,6.1116439965129485,121.42812210074464,1.5570626519351571,1.6474678529220772,0.005596658993697852,0.0017300374686551156,119.9047146678371]
13.920490389580097,[330.3259678611505,61.69317284753806,827.3756337565507,516.0282562854502,123.18192111868638,36.10013791613479,47.57347572600532,26.78419395646253,110.69754036405058,6.111635418329107,121.42850116325292,1.5570901718712111,1.6474167765836216,0.00560952987675698,0.0017301612842791836,119.91004062558537]
13.920490682432476,[330.33582730488257,61.69295093472986,827.3755948620574,516.0284278154178,123.18252449424891,36.10015718585081,47.57364805459895,26.784152692282966,110.69796045183212,6.11207673875515,121.42831652172924,1.557058463623823,1.6474091649509237,0.005611495520789865,0.001727252660581242,119.91205554158608]
13.920492715615206,[330.32326115602075,61.693275652000516,827.3757206719507,516.0273460189188,123.18245757632222,36.10011347662052,47.57336135243288,26.78421550663571,110.69756026012982,6.1115480885930875,121.42863176279252,1.5570056510849994,1.6474695512684798,0.005605749366621348,0.001731300018983598,119.90408297915327]
13.920493206941991,[330.32681213462325,61.693065343760566,827.3755989954593,516.0283446790047,123.18260766762097,36.100165527183215,47.5736618901372,26.7841404086183,110.69827729202886,6.112337546140472,121.42872098872876,1.5570525892971645,1.64735819315359,0.005613591615292936,0.0017256091819636509,119.90970339249317]
13.920493303008053,[330.33093809813573,61.692463267052595,827.3755496741479,516.0338888409863,123.18193537135298,36.100122473118404,47.57332423744003,26.784197923647795,110.69733271226697,6.111696156648573,121.42869591911305,1.5570517636780508,1.6474837638607973,0.0055954563399146975,0.0017325450408681906,119.90935860623257]
13.92049485234065,[330.322967926382,61.69192518144747,827.3753505999291,516.0291011665155,123.1827512567873,36.10012369906383,47.573521355805724,26.78421445728587,110.69743404281573,6.111863747273558,121.42867117114841,1.5570560083326364,1.6473908086913123,0.005598496339356727,0.0017320233917584899,119.91289862647359]
13.920495581154814,[330.3240442606819,61.693269627893244,827.3756859070292,516.0284854357922,123.18255902452333,36.10012631137801,47.573506426972436,26.78420288596181,110.6973273899235,6.111745386987491,121.42867250060878,1.5570773088872996,1.64742914689662,0.005597714058857083,0.0017316834847435542,119.91106103629049]
13.92049593186474,[330.326446837358,61.691832615661994,827.3757537684966,516.0307159335455,123.18310824848969,36.100120019022135,47.57337578478521,26.78418312588659,110.69818978812168,6.112227165527003,121.42870162267162,1.5570645498794395,1.6474119672709504,0.005598158123299173,0.0017282249534030735,119.90480778278442]
13.920496104002757,[330.32180114969776,61.692417162778575,827.3758833323805,516.0256607616102,123.1823739671969,36.10009872688404,47.573413400151686,26.784317355718684,110.69584570168567,6.110713934359937,121.42839320280979,1.5570178394120564,1.647645789492092,0.005600677049681967,0.001736993839489369,119.9097341298806]
13.920496243338967,[330.3216671063736,61.69399570975645,827.3757807250098,516.030665897275,123.18236371919275,36.100122834505626,47.5733667187403,26.784185287780222,110.69805179387463,6.111710089011341,121.4284939936795,1.557093537804307,1.6474146835439507,0.00560347160106624,0.001727661181511702,119.9012258434021]
13.920496424276646,[330.321924675433,61.69199292951902,827.3755084399544,516.028562844076,123.18197119934078,36.1001163951187,47.57338445034971,26.784202229721107,110.6977133659696,6.111757567319912,121.42857937864406,1.5570011975690892,1.6474254203690373,0.005601612712368986,0.001731513309899371,119.90917797938133]
13.920496744711455,[330.32179217821124,61.692264796228,827.3756527799819,516.0349039308933,123.18199748961803,36.10011621218176,47.57337940420763,26.784207537979704,110.69732195733124,6.111758164401581,121.4285074700856,1.5570589739367162,1.6474283757034993,0.005596413556193859,0.0017323891565311465,119.91650057560028]
13.920497046815177,[330.32565052810696,61.69186456610052,827.3757280986601,516.0298648317695,123.18232042170237,36.1001213691473,47.57337690426191,26.784219956416262,110.69815799995898,6.112112895888478,121.42844454468047,1.5570417997667163,1.647398320179456,0.005598343774994765,0.0017291354110897815,119.90973879584386]
13.920497208258553,[330.3224130635345,61.69313831437295,827.3756532916509,516.0287983761309,123.18210055612214,36.100098450037855,47.573404170837925,26.784188406709003,110.69701027602144,6.11121956510268,121.42849564023126,1.557029781039223,1.6476240430859979,0.005600928475621834,0.001732155916736119,119.89844400674804]
13.920497294779615,[330.324195548892,61.693673130632845,827.3755861984185,516.028087904355,123.18256619761493,36.1001237394599,47.57338985099604,26.784208701599727,110.69766601735799,6.1118406716097216,121.42862497372599,1.5570732197677781,1.64735819315359,0.005613591615292936,0.0017256091819636509,119.90970339249317]
13.920497610277284,[330.3230016404267,61.69485399518109,827.3756329799819,516.029160142136,123.18201245579759,36.100127051267165,47.57342879765648,26.78418514981255,110.69745727916865,6.111598076541528,121.42864883034716,1.5570962156473502,1.6474187127387745,0.005600527734087823,0.001730399945463512,119.90790779825625]
13.920497713895003,[330.32489839453746,61.692730653205324,827.3755005978587,516.0296432414948,123.18240259255282,36.10013515091233,47.57356838514673,26.784145411971483,110.69812648671679,6.112267480266146,121.42851422148553,1.5570529921357341,1.6473639911895495,0.0056028208262785565,0.0017307418924014059,119.90954642026482]
13.920499006261037,[330.3236500703085,61.69254014715201,827.3758789157401,516.0301877609006,123.18212726637361,36.10010830312634,47.57354004108028,26.784245595390452,110.69667212089317,6.111089750647618,121.42835129659682,1.5570421788795805,1.6474008815097647,0.005592992298965597,0.0017334535244672752,119.89759928611305]
13.920499022587162,[330.32433285455465,61.693392857183845,827.375721377877,516.0284960559171,123.18260951616838,36.10012688844755,47.573521245170255,26.784201602403165,110.69740868207444,6.111777787485217,121.42866078769602,1.5570488603154897,1.6474262283726842,0.00559815106999842,0.0017324420041186118,119.90602165392085]
13.92049911263815,[330.32450527803286,61.692816901705335,827.3755470319275,516.0283079942647,123.18275089688063,36.10009769201078,47.573408858263655,26.784317528751785,110.69671831927603,6.11121954937216,121.42843657382008,1.5570220498855858,1.6474619001984996,0.0055996024525256744,0.0017357665821062934,119.90300507011081]
13.920499153259628,[330.3269267660838,61.692538004483765,827.3756796278668,516.0304919236424,123.18256964731688,36.10011678058733,47.573362759574415,26.784202963023603,110.69772145956415,6.111830497996646,121.42827119831686,1.5570530951063624,1.6474660111323953,0.005597210640569999,0.0017310178596964252,119.90263531935952]
13.920499910826702,[330.3199075912419,61.692582037885636,827.3759354487809,516.0302825471427,123.18174741861294,36.10011094545749,47.573530517503116,26.78416464933634,110.69713721652586,6.111584572774753,121.42809652510697,1.5570362891910325,1.6474881330644016,0.005594573716739135,0.0017300782766376975,119.91411208344229]
13.920499912764729,[330.3255406438228,61.69208450808108,827.3754448363854,516.028300453724,123.18254676429264,36.10015833364803,47.57354062668512,26.784199957432534,110.6978193357032,6.112122295752241,121.4286319987633,1.557035746612368,1.6473890287908868,0.0055947736704615786,0.0017293937713988017,119.91179469877528]
13.920500166328152,[330.3217791729983,61.69170309023108,827.3752012563706,516.0302511811135,123.18282791048158,36.10012338554318,47.573418698310874,26.784185810724402,110.69791195040818,6.112009656812002,121.42866662118517,1.55704808066423,1.6473122799856807,0.005604302446399989,0.0017290267662471467,119.90516095039911]
13.920500346080184,[330.3213939999387,61.695550312537904,827.3755513208179,516.0264566559377,123.1822744508249,36.10011640799376,47.57335791822443,26.784192160714635,110.69757612160184,6.111615574498476,121.42866035553467,1.557014985750218,1.6473208336786709,0.005606339993636354,0.0017315677478668186,119.90732658901722]
13.920500481936413,[330.32559748342686,61.692817976436785,827.3755464180103,516.0285750815749,123.1823587990256,36.10014723792226,47.57345833013393,26.784206807544496,110.69754356300831,6.111817942895341,121.42844575776914,1.5570884978871284,1.6474128068792224,0.005605493855192762,0.0017360709957660427,119.90716209019655]
13.920500714958877,[330.3220215414896,61.69484257465511,827.3755476683574,516.030591345445,123.18227956140518,36.10012869905554,47.5736618901372,26.7841404086183,110.69827729202886,6.112337546140472,121.42872098872876,1.5570525892971645,1.64735819315359,0.005613591615292936,0.0017256091819636509,119.90970339249317]
13.92050083560623,[330.3221277714793,61.69498319408985,827.3756567443952,516.0275587171342,123.18186310972834,36.10011855257201,47.573425848406174,26.784210694749063,110.69686101964187,6.111138961295475,121.42866573715749,1.557028016523324,1.6474811547456598,0.0055882839999318,0.0017313622913583296,119.90247207299174]
13.92050129269083,[330.32749700622867,61.69228192031094,827.3756782714781,516.0313930349233,123.18264495620284,36.100113558928705,47.57345853572072,26.784244854555098,110.6973615561322,6.111528923885972,121.42843767666336,1.557042907866546,1.6474181752341586,0.005594878256111641,0.001730436281331256,119.8943036294813]
13.920501771011068,[330.3242699298817,61.69256724451933,827.3756762720575,516.0316130045986,123.18169351287509,36.10012697900141,47.57344746700831,26.7841844767145,110.69673738933005,6.111248010236652,121.42843782032224,1.5570359878124822,1.6473903793197378,0.005589521891267032,0.001736960990332289,119.90035915359083]
13.920501981591366,[330.32353701809956,61.690892280418424,827.3750096886531,516.0298621021898,123.18230359005096,36.10011834991153,47.57332724719291,26.784211233977885,110.69726767819321,6.11160231916008,121.42844536200884,1.5570573274851442,1.6472998018947003,0.005607931579573622,0.001732398268563453,119.9038495890315]
13.920502090969993,[330.32219810876086,61.693659495494416,827.3755899861677,516.0259476824757,123.18168768963696,36.10012360785092,47.573447007431085,26.784224481306524,110.69784770706241,6.111545008002034,121.42869465031686,1.5570814692604311,1.6473901886587183,0.005596718445641278,0.001732543454416367,119.89970754462222]
13.920502165053673,[330.3223171752812,61.69327082239512,827.3754967406692,516.0331888537506,123.18257254913502,36.100122857722184,47.57343572578888,26.78421091203865,110.6972457670081,6.111733053229137,121.42847072474706,1.557068223040963,1.647392307422739,0.005600873099711513,0.0017343532476633563,119.90812311195046]
13.92050240249082,[330.32033235543895,61.69338180939761,827.3757243262517,516.0269788971631,123.18222846997452,36.10010956900764,47.57335270907025,26.784230776450094,110.69734054676567,6.11142845016664,121.42862077666746,1.5570043077250457,1.6474284580657415,0.005608119575383318,0.001733029681961189,119.90266926825652]
13.920502566645453,[330.3241985915598,61.69278370704377,827.3755227069455,516.0322672038452,123.1826907120013,36.100111273713374,47.57339923069326,26.78421582842118,110.69690101466618,6.111514305744683,121.42842475452676,1.5570283506473985,1.6473634420636964,0.005600916017257921,0.0017349542696385655,119.90212952071927]
13.920502759632019,[330.3300323954537,61.69274621485903,827.3755624959205,516.029063149964,123.18245673956972,36.100146014261895,47.573505462052744,26.784194620930784,110.697875678211,6.11225674362823,121.42848458300128,1.5570730686542364,1.6474024783031225,0.005611051975237914,0.0017287783061529752,119.91198701467641]
13.920502766850504,[330.3235406221783,61.6928369183675,827.3754549877293,516.0283714971268,123.1825514608322,36.10015752775334,47.57347456179089,26.784181130186177,110.69816570908164,6.112105533497046,121.4284711165578,1.5570559692273993,1.647330720325339,0.005608310985511041,0.0017266811660496108,119.90518021136941]
13.920502880708508,[330.3231903129445,61.69169411936709,827.3754110952389,516.0283327934956,123.18282427430916,36.10015691695752,47.57353374309147,26.784197609702773,110.69784190716783,6.1122089122312655,121.42848265716992,1.557036968918223,1.6473896502270673,0.005599016042850944,0.0017301209758036036,119.91346312917312]
13.920503154693836,[330.3203379243657,61.69338905433481,827.3745833556359,516.028562844076,123.18197119934078,36.1001163951187,47.57338445034971,26.784202229721107,110.6977133659696,6.111757567319912,121.42857937864406,1.5570011975690892,1.6474254203690373,0.005601612712368986,0.001731513309899371,119.90917797938133]
13.920503367065137,[330.3224324382805,61.69288023289343,827.3755228251497,516.0289636847347,123.18231903344756,36.10011502980761,47.5734093564011,26.784201311016425,110.69714844193966,6.1116255721212465,121.4286564287608,1.5570636554818091,1.647435918732964,0.005598368688843254,0.0017305719716357302,119.90695083370727]
13.92050345054211,[330.32429397244107,61.69256762189745,827.3758180018184,516.0298694159164,123.18166867023251,36.10011028584883,47.573532605257085,26.784271906574396,110.69600313578825,6.1108357941762605,121.42830106176278,1.5570401327929337,1.6475542622713324,0.005589345126218188,0.001738966005339953,119.90061046035129]
13.92050361281832,[330.32418182058996,61.693314458973106,827.3756081827976,516.029044958157,123.18208902831418,36.100135107172754,47.57342829088044,26.784195615373292,110.69780691577937,6.111888294788991,121.42855398293739,1.5570647988585429,1.647468063317287,0.0055993363102426865,0.001729785678246388,119.90502030369129]
13.920503641080751,[330.31817583371674,61.69136471558781,827.3754286273564,516.0330125334661,123.18316552970708,36.100153264078855,47.573454818544384,26.784212916464327,110.69714966725115,6.111562883178326,121.42861852260083,1.5570475630191298,1.6474573838177526,0.005594087203635817,0.0017315772902520691,119.9043701996888]
13.920503820980132,[330.32226605275406,61.69498209290372,827.3756927452444,516.029181838867,123.18206852740875,36.100125349954915,47.57340226161341,26.784184993823803,110.6971489146417,6.111440559380748,121.42860413356587,1.5570971918615903,1.6474323006453249,0.005596808466423848,0.0017312491632859401,119.90400162661484]
13.920503865962392,[330.32514712669916,61.69183578700431,827.3752977798786,516.0302146855838,123.18274774269598,36.100107144614356,47.57353491178992,26.784236511583522,110.6972445227334,6.111841114836924,121.42873347235692,1.5570335071119161,1.647400341771671,0.005595114308045032,0.0017325465916745366,119.9036800439805]
13.920503875789569,[330.32414139937123,61.69248163797797,827.3755203146243,516.0345724671809,123.18248227021333,36.10013418691133,47.573582077793816,26.784195009173704,110.69805823697722,6.112272385338511,121.42857641288083,1.5570492358945884,1.647356982297211,0.005609439780974725,0.0017305860996205463,119.90454560437476]
13.920504004601677,[330.3212320483178,61.6928106364264,827.3755097733185,516.030490331946,123.18249178312078,36.10011679103123,47.57333974830652,26.78421442078234,110.69740506597103,6.111746083789428,121.42852282762311,1.5570502223726428,1.6474347960445532,0.005597476454338799,0.0017323207717855641,119.90884512324024]
13.920504049016458,[330.32033235543895,61.69338180939761,827.3757243262517,516.0269788971631,123.18222846997452,36.10010956900764,47.57335270907025,26.784230776450094,110.69734054676567,6.11142845016664,121.42862077666746,1.5570043077250457,1.6474284580657415,0.005608119575383318,0.001733029681961189,119.90129450822234]
13.920504166589213,[330.3317982641552,61.69252947694025,827.3755396619422,516.0322986263398,123.18219440346382,36.10010907272648,47.57331821229285,26.784201503173577,110.69766467417509,6.111881627433888,121.42823108617478,1.5570527054689838,1.6473414817715986,0.005600695818906564,0.0017317289098582385,119.9024307966504]
13.920504740644228,[330.3216531450759,61.69359288453758,827.3757597475711,516.0303643277064,123.18232702001137,36.1001265737616,47.573382176624136,26.784190600971392,110.69771718073056,6.111793013081785,121.42846086067837,1.557067582028568,1.6473063988786727,0.005602889661017455,0.001729041134479824,119.90428842527169]
13.92050478426123,[330.32200412189565,61.69194707506716,827.3753201898169,516.0351013025404,123.18256620503499,36.10011960461906,47.573211856381555,26.78418218661647,110.69771964671526,6.111999572224748,121.42851891823513,1.5570464219831455,1.6474295280158642,0.0056013988029424006,0.0017321429362666656,119.90771484813384]
13.920504970800746,[330.3367549841468,61.69239755726544,827.3754695953605,516.0326897319515,123.18166551495118,36.10013349324621,47.573599312699876,26.78422039881793,110.69731512762144,6.111978811314675,121.42851769794079,1.5570692750506752,1.6473925488954744,0.005607160521002409,0.0017327987761442086,119.9151217309354]
13.920505211557897,[330.3230671114721,61.69222785334341,827.3755371564883,516.0289572258382,123.18212740610048,36.10013392281099,47.5734060319827,26.78420079541394,110.69770106261015,6.111963494846229,121.42850858783669,1.5570855910232773,1.647404485532952,0.00560868486815793,0.0017302864000863793,119.90969524816727]
13.920505232360613,[330.32244711106387,61.693296072297464,827.3757449100558,516.0268511808142,123.18212494856397,36.10011679505905,47.57343173797166,26.784193698021916,110.69761343619696,6.111742438280621,121.42850024306605,1.5570217264521748,1.647324450634726,0.00560572652318481,0.0017313617748327531,119.90303435994356]
13.920505275958725,[330.32228535651274,61.692167308274605,827.375179834841,516.0326691506945,123.1823661628724,36.10013770607702,47.57331306634012,26.78419450622797,110.69749866580945,6.111925598621854,121.42859923700836,1.557068196960755,1.6474208339386194,0.005603279720392127,0.0017324587877194037,119.91087585608983]
13.920505305247655,[330.32282223033644,61.69249476141921,827.3759146151347,516.0291160759795,123.18217765306062,36.100124549493074,47.573426788285516,26.784201106299147,110.69719701745244,6.1115262179577,121.42842164859978,1.5570226782647572,1.6473244814770154,0.005602447995679964,0.0017327422203456493,119.90046100020965]
13.920505426718403,[330.3226977634635,61.69143975813323,827.3751806770587,516.0291082450668,123.18255431629841,36.100130772072326,47.573460520536784,26.784180007494072,110.69802903339834,6.112212597028684,121.4285229880818,1.5570398673175037,1.6472860411547892,0.005609082617370561,0.0017334488705817678,119.90665954826912]
13.920505550196088,[330.32229400449876,61.693455082479815,827.3750167221069,516.0276665420415,123.18221524207769,36.10013903984855,47.5735599518589,26.784202215150344,110.69727970862861,6.1118148766022635,121.42863379814017,1.5570778102589014,1.6472348505693284,0.005605143419495835,0.0017334701203208435,119.91244554341486]
13.920505715376146,[330.3206574367121,61.69295931381929,827.3757398765686,516.0295811456058,123.18223763605607,36.10011433318247,47.57335697330022,26.784217319808942,110.69738300253833,6.111544833670902,121.42846229298638,1.5570244575193168,1.6474039331351369,0.005602493129988758,0.001733966619742185,119.9017276284609]
13.920505863120225,[330.3223351765881,61.69202324690831,827.3754996721275,516.0314943820554,123.18232441400198,36.100127649533235,47.573349362325374,26.784205209000717,110.69769906207596,6.111997086495859,121.42851641715838,1.5570462627603416,1.6474133641557835,0.005602110356698448,0.0017327361276156267,119.9088877226451]
13.920505898027258,[330.321836654496,61.69181052350575,827.3754682838282,516.028958854727,123.18207841300196,36.100117472830505,47.57355158355893,26.784209351365643,110.69744398135282,6.111427866751923,121.4283588604609,1.5570157124147828,1.6474235389408527,0.005597234842764582,0.0017314152239633026,119.89216568194925]
13.920506069639497,[330.32190228229626,61.69168012524058,827.3754820299371,516.0321456549992,123.18248523002167,36.10012298131474,47.573379755783854,26.78420366105683,110.6974517661919,6.111788424568921,121.42837564510575,1.5570535353239037,1.6473575500753483,0.005597531389181892,0.00173121906700316,119.90448000242579]
13.920506125521538,[330.32309536080817,61.69221192072588,827.3753642453471,516.0326098631014,123.18234297448673,36.10011043202777,47.573512537124024,26.784200588035656,110.69709280102225,6.111622489459572,121.42844043449486,1.5570481419903377,1.6473737328419045,0.005603574642755647,0.001733456830065642,119.8998037980173]
13.920506294625621,[330.3236521336927,61.69270405478058,827.3757610926586,516.0304576055464,123.18246324668092,36.10012292249124,47.57353097299052,26.78419935397801,110.69760394325479,6.11198388239114,121.42852886584485,1.5570640321608882,1.6473808476153882,0.005597746536833447,0.0017316774223052386,119.90453016872291]
13.920506363540776,[330.3217155852602,61.694142751749155,827.3756576672558,516.029018527311,123.18193653141122,36.10011856065916,47.57342493449815,26.784211138983203,110.69707366670423,6.111433915289034,121.42863460429533,1.5570454103679277,1.6474723908286668,0.005591640273603101,0.0017314022709129708,119.90386830451752]
13.920506389469265,[330.3226648350487,61.6919798438513,827.3754312174517,516.0283686748177,123.182751921674,36.10012922110856,47.57350763857395,26.784214433993426,110.69758081065879,6.112127172767995,121.42857027481178,1.5570573659659586,1.6473855025407473,0.005600384279582214,0.0017305185839717988,119.91347521638966]
13.920506817870255,[330.3243848096259,61.69361430143185,827.375727673651,516.0285201016346,123.18263361669072,36.10012727415824,47.5736083191121,26.784197385544932,110.69741541524793,6.111905514932834,121.42856671785597,1.5570327724486945,1.6474136656321474,0.005599070442033936,0.0017324831194871783,119.90277707091403]
13.920506829981393,[330.32434858599686,61.69343862052082,827.3744720849802,516.0301008859791,123.18184888191568,36.10012046279542,47.5734957572075,26.784193571718735,110.69797484593273,6.112169152031535,121.42856394352181,1.5570003526334049,1.647391803083882,0.0055942863777626315,0.0017309666578502077,119.90990537874771]
13.92050697393543,[330.3249374245463,61.69170097370481,827.3744507810535,516.032663500932,123.18271616612688,36.10016437328547,47.573546587049734,26.784128958680782,110.69803330069834,6.112554821094501,121.42874698433643,1.5570290241598905,1.6473527001924213,0.005597855241972585,0.0017276861669865986,119.91216549079189]
13.92050703237409,[330.32059723843656,61.69368385045066,827.3753680445195,516.0287691715768,123.18197117726166,36.10011823172505,47.57341488757125,26.7842083181085,110.69743715056754,6.111729780678954,121.42859773908033,1.5570137631311025,1.6474386474890352,0.005601061663071864,0.0017315403428487205,119.9090348485812]
13.920507317846214,[330.3219002303158,61.69154465354528,827.3754474907329,516.0307331190522,123.18248749572342,36.10012337842187,47.57345424008976,26.784181616760538,110.69741611553474,6.111847131815685,121.42839532310094,1.5570586848796206,1.6473207336219402,0.005602610641961053,0.001730329533677419,119.90431939806066]
13.920508118797722,[330.31938487386225,61.69170684521994,827.3758016432977,516.0312902250264,123.18206238576306,36.10013983523652,47.57344933412694,26.784257939451084,110.69610380343758,6.110951936945856,121.4282120633252,1.5570279378599408,1.6476154854784129,0.005594145445679994,0.0017303622691054483,119.90632821195886]
13.920508128108068,[330.3245257889753,61.69320079935426,827.375377391638,516.0313927688541,123.18212396208973,36.10014274116851,47.57358122622992,26.784176502787336,110.69748475244867,6.111942043052716,121.42813284653165,1.557059324801507,1.647218924118611,0.005597240854761355,0.001730094598373492,119.9075970786232]
13.920508235411447,[330.32305176741994,61.69247134349163,827.3757819616181,516.0288241305176,123.18252034299408,36.10014332377362,47.57336647415956,26.78420510530974,110.69728190110824,6.1115191064896175,121.42852325444697,1.5570000015129297,1.6472512964260781,0.005593813287551819,0.0017322138880747743,119.8970586404062]
13.920508257617273,[330.3226257994354,61.695119416447156,827.3756400111122,516.0263664314589,123.18155208877887,36.10013283219968,47.57344720636883,26.7841847414728,110.6968189879734,6.111360848031558,121.42867344468675,1.5570992976326044,1.6474367730480837,0.0055952883843297715,0.0017319861397481293,119.90794869835692]
13.920508324576712,[330.3204225205168,61.69190820938403,827.3752032841976,516.0309109844468,123.18239861160197,36.10016497787697,47.573490604469086,26.784185100358652,110.6973166247883,6.111885490785826,121.42863973489347,1.557015001458173,1.6473815242277168,0.005597957831907645,0.001729897373598647,119.91120870825229]
13.920508471040096,[330.32216407709603,61.69191293370781,827.3754608925246,516.031395107271,123.18236804809995,36.10012969020192,47.57333590784138,26.784218385707554,110.6977404652391,6.112047841732907,121.42851035411991,1.5570550848439648,1.6473859988828805,0.005602029518943398,0.0017338642197458507,119.90928956759087]
13.920508565308618,[330.32341465873617,61.69064583945095,827.3749407950155,516.0300804979142,123.18244946671796,36.10011997956634,47.57326014482291,26.784171172351854,110.69667722270455,6.111509823720569,121.42852920081296,1.5570686443039938,1.6472930181235692,0.005607966706366171,0.0017314194976237886,119.90408462191449]
13.92050867004261,[330.324195548892,61.693673130632845,827.3755861984185,516.028087904355,123.18256619761493,36.1001237394599,47.57338985099604,26.784208701599727,110.69766601735799,6.1118406716097216,121.42862497372599,1.5570732197677781,1.647363162593353,0.005602411057023428,0.0017322813973086543,119.89991567633822]
13.920508776878895,[330.32297182338993,61.69236054756718,827.3753460342474,516.0324684509578,123.18161290142636,36.10015313997219,47.57348689962246,26.78418720206447,110.69718078737229,6.111643390563523,121.42851740938703,1.5570790734846325,1.6473711221148009,0.005603614431294469,0.0017334634115824298,119.90392764961112]
13.920508935748675,[330.3323491873433,61.69240002291272,827.3754240287784,516.0321538790126,123.18276432516925,36.10011404263521,47.57290338046663,26.784246683235608,110.69724036904509,6.111567832818382,121.42846502588003,1.5570414071162098,1.6474733358946634,0.00560300678496863,0.0017301001413627158,119.90007273181003]
13.920509659845491,[330.32189750020257,61.69171606703603,827.3756859802457,516.0315856618329,123.18210899444033,36.100114227892846,47.57355210580009,26.78429282786259,110.69575723472714,6.111196305894781,121.42821300799712,1.5570597724266684,1.6475495610127704,0.005591387895667509,0.001733444592789313,119.91743721551828]
13.92050973910481,[330.32465094210863,61.69209744845989,827.3744057214979,516.0343791900657,123.18259123281545,36.10007370755473,47.57322395220868,26.784188362640634,110.69780126913949,6.112185122516338,121.4286977184796,1.5570420271835617,1.647470240505414,0.005601605456456492,0.0017305178215561807,119.90376093332077]
13.920509773890105,[330.3234898661102,61.69264369548067,827.3755532529509,516.0307119940474,123.18242018093986,36.10014490813152,47.57343141118503,26.7841970135483,110.69778757886468,6.1120090620138265,121.42854366064468,1.5570473140650025,1.6473569528323893,0.005596367566236168,0.0017314934422038041,119.90259616761902]
13.920509777992693,[330.321507650777,61.693752077877534,827.3756620915026,516.0291663900036,123.18197101412812,36.10011857878494,47.573422822924826,26.784212916464327,110.69714966725115,6.111562883178326,121.42861852260083,1.5570475630191298,1.6474573838177526,0.005594087203635817,0.0017315772902520691,119.9043701996888]
13.920509780338556,[330.3233662337015,61.692341941134714,827.3755835690491,516.0308765676367,123.18262095052908,36.10013977861799,47.57329617785183,26.784215394318412,110.69789470228275,6.112182395422149,121.4284807031228,1.5570520851937464,1.6472626334949418,0.005602931929941005,0.0017312562097623607,119.91005565101807]
13.920509784671633,[330.3223884281658,61.6939408016297,827.3754448256636,516.0300288710685,123.18235086550396,36.10012360105181,47.57336916246027,26.78419209748803,110.69782274367589,6.111946360334954,121.42853239178999,1.5570800209863795,1.6473273207247816,0.005604001536719624,0.0017284004577660574,119.90372779565143]
13.920509895782727,[330.3211099866697,61.69156687211315,827.3753889958474,516.0322728122495,123.18288180423528,36.10011518837585,47.5733675688759,26.784249551361277,110.69704633958213,6.111552582023483,121.42846087981579,1.5570404309106185,1.647473730205468,0.005599465384545024,0.0017291929729358353,119.89997875674806]
13.920510308205845,[330.3254289045263,61.69237164200694,827.3756730716191,516.032722387991,123.18249874660964,36.100116064371335,47.57332717991015,26.784234123178415,110.69724600645563,6.111796931830522,121.42844825187771,1.557051715774871,1.6474332407656078,0.00559688042574301,0.0017327966598516592,119.90266265920616]
13.920510345463835,[330.319803806347,61.6929682697139,827.3759154576976,516.0245700621693,123.18140912068957,36.1000985071916,47.573421558800895,26.784330787932223,110.69555047731944,6.110512881771038,121.42789809324825,1.5569918667483893,1.6476744186532915,0.005595025237367594,0.0017275928740128506,119.91191537756377]
13.920510487463307,[330.3293538440497,61.69306004351439,827.3755542858033,516.0336687782662,123.18256707630701,36.10012488835037,47.573627342160755,26.784160689553207,110.69804452733516,6.112332351125232,121.42869467094766,1.557027363059805,1.6473657182929151,0.00561351101698479,0.001726233199982573,119.8949448815854]
13.920510512635238,[330.3203383852725,61.693742836514886,827.3755338600922,516.030768382083,123.18246952450505,36.10012214755707,47.57347404158962,26.78427069119443,110.69618291218092,6.111262368297245,121.42833666730118,1.55705445731251,1.6474938304865931,0.00559400178746746,0.0017324464378194685,119.91358147227379]
13.92051055626623,[330.32318784698157,61.69326427262995,827.375782501998,516.0314989666192,123.18231099821683,36.10012318742849,47.573446905799955,26.78419258752504,110.69777679005924,6.112043411447722,121.42846118223271,1.5570609551877046,1.647317022889333,0.005603545290758182,0.0017292905576765801,119.90348858518895]
13.920510636461835,[330.3283908626307,61.69286205290624,827.3755376271712,516.0310093328933,123.18213226782782,36.100116068602205,47.573550268002705,26.784197483831672,110.69724791744164,6.111946110092656,121.42836172887056,1.557051717934785,1.6473900135535149,0.005606950840466027,0.0017331606723881058,119.90384763089797]
13.920510892040955,[330.3199075912419,61.692582037885636,827.3759354487809,516.0302825471427,123.18174741861294,36.10011094545749,47.573530517503116,26.78416464933634,110.69713721652586,6.111584572774753,121.42809652510697,1.5570362891910325,1.6473592172401295,0.005602944999184753,0.0017339648227899466,119.9031171049729]
13.920511201690132,[330.32515836493656,61.691630570078495,827.3750179514215,516.0302372328641,123.18284354719793,36.10010673881961,47.57352161416807,26.784132824111527,110.6981556328859,6.112775918787532,121.42881435838208,1.5570294437456063,1.6473298265878769,0.005604585922645955,0.0017290203072949973,119.91110133158784]
13.920511206687163,[330.3245242974626,61.69260671053614,827.3755163602408,516.0388457937787,123.18229271947612,36.10012459145803,47.57341326206519,26.784189428506277,110.69786132612595,6.112241512831775,121.42866162409746,1.557043640203065,1.6473804644733543,0.005605796127989247,0.0017301910390989448,119.90263809435412]
13.920511340015429,[330.32200412189565,61.69194707506716,827.3753201898169,516.0351013025404,123.18256620503499,36.10011960461906,47.573211856381555,26.78418218661647,110.69771964671526,6.111999572224748,121.42851891823513,1.5570464219831455,1.6474295280158642,0.0056013988029424006,0.0017321429362666656,119.90206640770468]
13.920511391386501,[330.3245809733568,61.69152899548372,827.3754948664305,516.0297454888325,123.18245017059411,36.100128412978094,47.57338418543199,26.78424652470966,110.69771310978362,6.112005085077605,121.42856837279727,1.557063723817379,1.6472924751579257,0.005598127058030607,0.001736183265045262,119.90281636529292]
13.920511702127305,[330.3213054257128,61.693393662053964,827.3758636071193,516.0294873879284,123.18194947918047,36.100114808846634,47.5733901960234,26.784169913331993,110.69667569297253,6.111507113811596,121.42835107132964,1.557017143671993,1.6474400378659473,0.005601893764036542,0.001730255585038603,119.9083544595833]
13.920511770603007,[330.323986455262,61.69374246499252,827.3755505926077,516.0301071654178,123.18245524416345,36.10012220097948,47.573257881432255,26.784186675610325,110.69752565721993,6.111864165204162,121.42852548109252,1.5570895351341023,1.6474153501986086,0.005605204122605501,0.0017300312173898014,119.90278425302914]
13.920511839973283,[330.3223274487055,61.69227523143587,827.3757847829545,516.0310230276708,123.18193068354597,36.10011319424221,47.57354280284809,26.784240885682117,110.69744072330369,6.111502435091252,121.42834560031072,1.557043081983754,1.6474095830142799,0.005593847456076177,0.0017321147123336147,119.8918177435265]
13.920511875936544,[330.3218781125696,61.692970311910884,827.3753032336913,516.0292170067621,123.18218085040084,36.100118065438735,47.5733373606812,26.78421415808732,110.69738503943152,6.111646619573342,121.42840677670603,1.557015980126838,1.6473564963835998,0.005602853590425098,0.0017320037662985441,119.90085290052191]
13.920512424925315,[330.3218061096043,61.69230577697272,827.3756159161367,516.0331240142427,123.18234179900432,36.100108816748794,47.57329787732246,26.784182764019988,110.69799193156595,6.112157948627149,121.42831883560186,1.5570468152894386,1.6473261972057807,0.00560419775511232,0.0017331604171368484,119.90375317664929]
13.920512563519997,[330.32272791538753,61.69234118522532,827.3754571351652,516.0298565954812,123.18255268244741,36.100123939116656,47.573259130719535,26.784185361244234,110.69799518923725,6.112203384813132,121.42853237341234,1.5570386739794817,1.6473265320012578,0.005609070297237741,0.0017332739986003272,119.90480897552877]
13.92051261528625,[330.32414527629294,61.69273928084618,827.3755159973924,516.0315510318566,123.18227148862115,36.10012085860362,47.57337457263148,26.78418964119057,110.69746465197342,6.111958176061641,121.42854542309513,1.5570397062267245,1.647423821477471,0.005603372220169645,0.001729596666182987,119.9031578050548]
13.920512712583957,[330.32015378201606,61.69199897066569,827.3755416334008,516.0321646872194,123.18185243991451,36.10011654264568,47.57355431633656,26.784169243756462,110.69764609834122,6.111627561494137,121.42830057759426,1.5570564549729724,1.6474120948907003,0.005601380330541904,0.0017310433481590053,119.89134364950773]
13.920513181641534,[330.3221407285251,61.69145733311145,827.3755487092731,516.0282606928757,123.18264744918451,36.100135009449765,47.57370365585265,26.78417115704882,110.69693952513583,6.111933292711512,121.42850420906217,1.5570168672610338,1.6473831429401014,0.005610987735009063,0.0017399353868091457,119.90443208150425]
13.920513280685537,[330.32367189941095,61.692849902689275,827.3756874685523,516.0304498080696,123.18244668691045,36.100160263166316,47.57349122089778,26.784196840505345,110.69749338423918,6.111912088081342,121.42862869165533,1.5570159787192828,1.6473845066857842,0.00559582805606981,0.0017298264828273832,119.90051435096312]
13.920513328380805,[330.3280169863256,61.69203131673927,827.3754705539789,516.0310899798772,123.18242890386273,36.10012774536716,47.57336823794974,26.78421223596805,110.69755856842673,6.112137874556817,121.4285549773097,1.5570428014352302,1.6473618768895346,0.005607003286436273,0.0017342638860895002,119.90440021242048]
13.920513519898535,[330.3226563973209,61.693179571262675,827.3755493769806,516.0303789569898,123.18262572764294,36.10013309610877,47.573487810037356,26.78415092738098,110.69807549164392,6.112385698140293,121.42871440883943,1.557056001755102,1.6473004033344862,0.005599740086263251,0.0017292268255048298,119.90476189118758]
13.920513545178068,[330.32111952589827,61.69280624142628,827.3754802636828,516.0309695631918,123.18222264902676,36.100110085432505,47.57334893757523,26.784195355991123,110.69695919910131,6.111570783886474,121.42835929236178,1.5570386960944371,1.6474383840195637,0.005601428240682107,0.0017288011791128704,119.90329485332907]
13.920513669265778,[330.32209326444445,61.69195285312125,827.3753471277869,516.0313909662044,123.18263222961482,36.100124185207235,47.573437922266024,26.78420337284068,110.69727845288176,6.111997528227249,121.42849380145582,1.5570489108935106,1.6473938340140903,0.005600590067430628,0.0017317392623245756,119.90761219037157]
13.920513699993782,[330.3257327627441,61.693003976857774,827.375744891458,516.0285550408004,123.18272761454992,36.1001223540055,47.57365937256201,26.78419298732952,110.69761503687484,6.112254947731435,121.42852601085261,1.5570299204223974,1.6472878256533867,0.005605406305319275,0.0017341710884149185,119.9028976719687]
13.920513854711036,[330.32438298194603,61.692639672372984,827.375693470958,516.0245700621693,123.18140912068957,36.1000985071916,47.573421558800895,26.784330787932223,110.69555047731944,6.110512881771038,121.42789809324825,1.5569918667483893,1.6476744186532915,0.005584392915770445,0.0017412520543149922,119.90026625664163]
13.920513872776947,[330.3231903129445,61.69169411936709,827.3754110952389,516.0283327934956,123.18282427430916,36.10015691695752,47.57353374309147,26.784197609702773,110.69784190716783,6.1122089122312655,121.42848265716992,1.5570472387977228,1.647342340065787,0.005604743423552628,0.00173129314068435,119.90290552811288]
13.92051433920665,[330.32250040828114,61.692259752145326,827.3755970753737,516.0347348709838,123.18242733317913,36.10009878852284,47.573454604587994,26.784195193991387,110.69689775799698,6.111375085493761,121.42837409225687,1.5570243188355835,1.6475598020815645,0.005602245712842561,0.001735062307589432,119.88735535583942]
13.920514731617583,[330.3257631605186,61.692334216209844,827.3755758151328,516.0312548694984,123.18201335326538,36.100114788369424,47.57342173832954,26.784204180168118,110.69781861919891,6.112169799475859,121.4286568768755,1.5570402560783387,1.6474331408097742,0.005603520907648214,0.0017307935394214554,119.90129450822234]
13.920514817319738,[330.32159376759387,61.692958083625015,827.3752838801322,516.0302451575169,123.18226720736168,36.10013185521636,47.573406087505205,26.784215637446394,110.69759746503833,6.111886594786138,121.42837377633936,1.5570467001427692,1.6472566269490656,0.0055959185765660155,0.001729151445987376,119.90479967192974]
13.920514951141508,[330.323540329362,61.69453694467034,827.3756313113231,516.0277026127685,123.18233873663054,36.1001318984241,47.57338107373274,26.784257204352542,110.69699150070467,6.111517341683072,121.42859317751773,1.5570351575891073,1.6474580903006488,0.0055899513171887415,0.0017324622227027436,119.90235405694267]
13.92051530520549,[330.33090513650166,61.69276280999503,827.3757195732553,516.0304660256976,123.18246839343233,36.10012471489835,47.57314156947084,26.78422089215148,110.69769200830592,6.1121510311049665,121.42860506658667,1.5570312900434158,1.647367860589401,0.005602385584576993,0.001729511529405791,119.9061241592931]
13.920515373498707,[330.323777646073,61.692751792309906,827.3756374098598,516.0319393314851,123.18243954703877,36.10013925313078,47.573348001853624,26.78422201397513,110.69725974006158,6.111842162100452,121.42850140731898,1.5570635198204943,1.647380084723856,0.0055997544472408435,0.0017335015286258136,119.90310299210587]
13.920515487487378,[330.3219259019603,61.6936449868735,827.3754869143775,516.0333733179035,123.18279785920107,36.100128130190605,47.573434333667635,26.784272223822498,110.69688086947087,6.11160852426103,121.42833748349827,1.5570694786424597,1.6474619001984996,0.0055996024525256744,0.0017357665821062934,119.90300507011081]
13.92051585843718,[330.3196761272866,61.69162669003149,827.3749031709986,516.0362236232554,123.1822218077174,36.100176650091385,47.573488137297616,26.78418397808241,110.69692198153024,6.111868093373392,121.4286478209251,1.557006669483684,1.6472710593255842,0.005608760777831498,0.0017393446467934407,119.91129256362115]
13.920515892432585,[330.31873648036776,61.69146360117191,827.3755588254262,516.0323566488225,123.18299545975151,36.100139387545994,47.57336500476046,26.784216946027996,110.69719151624906,6.111867060410265,121.4285829061289,1.5570494298367992,1.647415733094956,0.005594813819359775,0.0017333867939993421,119.9073697867621]
13.92051635352267,[330.32809355228267,61.692822700047074,827.3745999511403,516.0339925717825,123.18247535093431,36.10009878052899,47.57307342019608,26.78415622663813,110.69787206301574,6.112289926195247,121.42832412095784,1.5570399982527945,1.6473373455711737,0.005598267462991849,0.0017361061811993251,119.90449743987153]
13.920516355643839,[330.33026874607356,61.691703226322154,827.3754515973316,516.0337413140544,123.18251324279493,36.10011020174178,47.57333990271138,26.78416357063021,110.69793510140553,6.112328373146196,121.42869242613347,1.5570188222311592,1.6474299320830532,0.00561349109636948,0.0017300906375997268,119.8949118401966]
13.920516647214077,[330.32149121080886,61.69171364608826,827.375664445518,516.0304801351409,123.18205113720563,36.10012292407486,47.57316335754297,26.784217994000446,110.69722381879672,6.111889282555882,121.42846533572123,1.557062891638391,1.647402853018903,0.0055997414879352305,0.0017338270532778143,119.91355087187591]
13.920516763063295,[330.3231430576012,61.69209825661568,827.3754987871494,516.0310008396981,123.18240813674113,36.10012291150628,47.57339899447554,26.784197350688153,110.69796412053577,6.112405571546857,121.42848522579712,1.5570499534959412,1.6473126601535046,0.005603376129486569,0.001732053872089705,119.90857740431582]
13.920516773636434,[330.32557250736465,61.692674670515004,827.3753568339871,516.0339228902899,123.18236028447222,36.10013220177704,47.573559927733235,26.784203099466538,110.69709905684456,6.112145752583121,121.42840547342355,1.5570535083785821,1.6473411392596287,0.0056070307810466465,0.0017309004912038758,119.91021453317848]
13.920516920560438,[330.32325229207356,61.692470828937786,827.375831433804,516.0318843964003,123.18185233944055,36.10012269882312,47.57353374309147,26.784197609702773,110.69784190716783,6.1122089122312655,121.42848265716992,1.5570472387977228,1.647342340065787,0.005604743423552628,0.00173129314068435,119.90290552811288]
13.920517065616938,[330.32258618403324,61.69266948813616,827.3754583928056,516.0381445416576,123.18225577557821,36.10012359476195,47.57329434034289,26.78418829812439,110.69778017012334,6.112137520931865,121.4284349793588,1.557036381445464,1.6473762547451938,0.005606864190938657,0.0017299383132211646,119.90173408011103]
13.920517620783919,[330.3203218914763,61.6928904690388,827.3758166197808,516.0247485183004,123.18228527789137,36.10010946487003,47.57342353589376,26.78429949227996,110.6962287045052,6.11066914909888,121.42817683540628,1.5570106353782425,1.6475707434167166,0.0055977413028775284,0.0017280633664772459,119.89001802794934]
13.920517670192778,[330.3233548819046,61.69290049172388,827.3752231704649,516.0283544927254,123.1822804516072,36.10013143724555,47.57323170895374,26.78419647928443,110.69754676541278,6.111698679126134,121.42847753308574,1.5570187672519469,1.6472509421988728,0.005605622698064893,0.0017340946662477948,119.89484738782171]
13.920517739882081,[330.32268805971654,61.6941615886827,827.375274107375,516.031335068519,123.1815750034829,36.100158244438774,47.573397123613745,26.78418276737062,110.69720509428524,6.111767965582132,121.42852640296266,1.5570938640693845,1.6473706636987895,0.005611247115885772,0.0017334662470536982,119.90608016621687]
13.920517895672466,[330.32207834118265,61.692356937270674,827.3755473334552,516.0284040246199,123.18266366409975,36.10009899702094,47.573407051363965,26.78431243809598,110.69700477572454,6.11136736306829,121.42843699698493,1.5570299339348264,1.647582562222559,0.005601675350944321,0.0017382103786906934,119.89123623991875]
13.920518078973453,[330.32100995522165,61.6917662703696,827.3752306933845,516.0308484239954,123.1823914546761,36.10012307221505,47.573156869367054,26.78418722595139,110.6973144284482,6.1117203672344775,121.42852507528866,1.5570490934088985,1.647294351732555,0.005605225893674613,0.0017352214228286388,119.89945917732146]
13.920518167904527,[330.3279574360885,61.691184003494,827.3757081681207,516.0304283364036,123.18278231920877,36.10013986558173,47.57367338716803,26.784227013147344,110.69765409997586,6.112472044950223,121.42856399285226,1.5570482056291173,1.6473608410081182,0.005598763417111623,0.0017342505563990613,119.90508008540417]
13.92051863195917,[330.32677748399834,61.692075568269374,827.3749051351804,516.0323470462979,123.18258915461664,36.10012623123296,47.57219946858158,26.78416827811384,110.69803383029586,6.112089528790039,121.42874629723312,1.5570294594436405,1.6472893496115177,0.005610341475634267,0.0017332761254755503,119.90805853545024]
13.920518724180328,[330.32171101889276,61.692799319539816,827.3755844885379,516.0279931392364,123.18246238465697,36.10011977688243,47.573362127436134,26.784232359768904,110.69740707100337,6.112007488127378,121.42855155451426,1.5570463339925924,1.6473583488670656,0.005597505771513131,0.0017337892120883446,119.90877887180243]
13.9205189153682,[330.3271171790754,61.69294665135831,827.3751490866521,516.0315296671953,123.18217110460863,36.1001313793087,47.57346436452947,26.784210570750425,110.69687059308595,6.111987180860202,121.42839993322187,1.557065759852159,1.6473266028841689,0.005605910538644281,0.0017327761408559308,119.91092992752152]
13.920519047223031,[330.3230287213925,61.69210883507934,827.3755322908916,516.0294498787262,123.18221448020262,36.1001229587172,47.57339399198007,26.78420631887231,110.69783500301517,6.112344423346243,121.42858128913176,1.5570619333717655,1.647381624981885,0.00560327523874457,0.001730894574871333,119.90951077616374]
13.920519126887543,[330.3348457021163,61.6924121835144,827.3749940731163,516.0329169117123,123.1817401248785,36.10010731809328,47.57358792025636,26.784218151703588,110.6976964819836,6.1122551753102226,121.42838306423286,1.5570537163989255,1.6473963876044637,0.005606434349291031,0.0017316600983569488,119.90320232511537]
13.920519187821812,[330.32209881454816,61.69213730176552,827.3756391646069,516.0284708814859,123.18202139610972,36.10012310959793,47.57337912625555,26.784238582907268,110.697257501608,6.1120123392552035,121.42860473945285,1.5570672650548112,1.6473841640126494,0.0056008658688942335,0.0017306259297493543,119.91347859176923]
13.920519350251492,[330.320950870514,61.69183980246952,827.3750658835982,516.034019449843,123.18216266279298,36.10012298732523,47.573121963041935,26.784187748670814,110.69701276027735,6.111602527570769,121.42862280701226,1.5570118623002889,1.647293052402064,0.0056057527617674975,0.0017383981463704639,119.89928116264392]
13.920519449342395,[330.32275969558236,61.69325067036351,827.3754986692787,516.0289059746959,123.1820852428732,36.1001190306475,47.57344671309514,26.784205262130854,110.69749487480479,6.112120393693701,121.42850566882763,1.5570584503781317,1.6473734103001432,0.005601707027917375,0.0017316287278629505,119.90895895294703]
13.92051947343629,[330.32328737466537,61.692050035542096,827.3755728792112,516.0288882758911,123.18261487474271,36.10014672040694,47.57335646852764,26.78420455318749,110.69801348854472,6.112457165031121,121.42848896414355,1.5570524047026675,1.6472473963431056,0.005604195406255662,0.0017327593362520032,119.91016182820024]
13.92051948525779,[330.32230334507045,61.69493901709998,827.3756835158247,516.02780444853,123.18221092875575,36.10013020635796,47.57372792265766,26.78422337868187,110.69666062690756,6.111815656750085,121.42854604308195,1.557063074243499,1.647385744467903,0.005608479718737015,0.001733198371305672,119.91092882422427]
13.920519512654659,[330.32328847259464,61.692414660316956,827.3757479441929,516.0328906511264,123.18227671151436,36.10012581895289,47.57337159108947,26.784204836425587,110.69738541839237,6.111984037125165,121.42839913013545,1.55705447603183,1.6473733577188325,0.005597907138875409,0.0017342758236544471,119.90185821338764]
13.920519546500135,[330.3230411621231,61.6926502907819,827.375530664175,516.0290732268861,123.1823398659536,36.10012684861614,47.57345731725493,26.78419858335799,110.69776877507252,6.112331203205393,121.42848484905048,1.557077376547387,1.6473141037461145,0.005610795833191434,0.0017323914074003576,119.90860055767412]
13.920519813994783,[330.3258297820372,61.693180542723255,827.3753149195254,516.0354674276026,123.18172449655508,36.10013750788144,47.57358208946373,26.784169419375168,110.69731098414145,6.112228742675466,121.42853348473773,1.5570541763053387,1.647163114186639,0.005604317137695838,0.0017337705031059375,119.90852878824731]
13.920520060054969,[330.32601713645704,61.69197049390615,827.3756348778091,516.0313509972023,123.18245421422947,36.10010380852342,47.573082780298535,26.78419248305213,110.69746812799826,6.112025717364439,121.42830924204729,1.557063988852864,1.647361573794079,0.005604844134704353,0.0017306824136502949,119.90215435675937]
13.920520123768204,[330.3215863559862,61.69209645614862,827.3757744031274,516.0301966415985,123.18232456431065,36.10011964903738,47.57334939991815,26.78418560060769,110.69763779972267,6.112062213700401,121.42830580844976,1.5570833900685175,1.6474130668394833,0.005594666857640412,0.001727693666738002,119.90406832275033]
13.920520215389834,[330.323136056074,61.69317033778676,827.3755877980999,516.0327191653967,123.1814153069366,36.100159061069114,47.57350792380597,26.78421060712403,110.69807326087923,6.112259616176192,121.42868469871767,1.557054718178578,1.647371057485464,0.005608316450274006,0.001730062492680851,119.90347832958678]
13.920520242010635,[330.322982986364,61.69158284197961,827.3757121201261,516.0264213595963,123.1826199445684,36.10010542692702,47.573422221364744,26.784168813043603,110.69751229252458,6.112251122590136,121.4286778057188,1.5570625255850843,1.647405541601608,0.005608622939109864,0.0017318853226281309,119.90452282105872]
13.920520255423272,[330.3241221175298,61.692446804910915,827.3754299168113,516.0316290185946,123.18261285121997,36.100124810453565,47.573500439204544,26.784186616087688,110.69728773300666,6.112160375767564,121.4285128001278,1.5570510190018363,1.6474148071438393,0.005597614143177609,0.001731366560709038,119.90407980214287]
13.920520632231218,[330.3219260683,61.691889524986934,827.3755016615762,516.0307835135767,123.18241440711218,36.10012209713774,47.57326860942124,26.784198048981075,110.69707903492028,6.111885914822478,121.42837456086457,1.5570583726893972,1.6473816352258366,0.0055989539457722195,0.0017321771433760247,119.90688506032839]
13.920520632571304,[330.32489179572394,61.69234309350743,827.3756648584905,516.0323893819912,123.1826310020586,36.10011881062173,47.573245247384655,26.784221370039162,110.6973011118461,6.112054479574852,121.4284477576366,1.5570415900901557,1.6474112828837773,0.00560289318195776,0.0017307362701044697,119.90412522998889]
13.920520817998833,[330.3279704998298,61.691618889329476,827.3755821121156,516.0336284702853,123.1822678259374,36.100125446077215,47.57354625648253,26.784215609471282,110.69759790700408,6.11241243728388,121.42849143473735,1.55703700852226,1.6473583859117167,0.005600295441902083,0.0017331112908377949,119.90495929017862]
13.92052083996926,[330.32831715974953,61.69237336562364,827.3754132221632,516.0369370412766,123.18213018985497,36.10010756992733,47.57333142443048,26.784230181210187,110.69723875575183,6.112191154363269,121.42853530010774,1.5570454515099577,1.6474053462984206,0.005601360560811354,0.0017324892780445403,119.90747634971876]
13.920520879053939,[330.32383547363474,61.69210865807899,827.3753496665189,516.0322509660666,123.18255068661304,36.10013653473174,47.5733551769031,26.784162155901065,110.69802259756004,6.112411013600074,121.42870775924712,1.5570314725808923,1.6473750176823139,0.005599204597189753,0.0017288023252460762,119.90034301446923]
13.920521045578193,[330.32043232896723,61.69444093931437,827.3757445320459,516.0262845981747,123.18210899444033,36.100114227892846,47.57355210580009,26.78429282786259,110.69575723472714,6.111196305894781,121.42821300799712,1.5570597724266684,1.6475495610127704,0.005591387895667509,0.001733444592789313,119.91743721551828]
13.920521045620228,[330.32809355228267,61.692822700047074,827.3745999511403,516.0339925717825,123.18247535093431,36.10009878052899,47.57307342019608,26.78415622663813,110.69787206301574,6.112289926195247,121.42832412095784,1.5570360678851731,1.6473998172236906,0.005606226448755641,0.0017274515205628373,119.90099331241203]
13.920521273037496,[330.32177638240216,61.6922375130318,827.3758744374692,516.0344003613271,123.18232124872135,36.10009880941175,47.57359925424377,26.78418208474123,110.69780792860271,6.111998439771973,121.42829207989351,1.5570543430671535,1.6473225873336712,0.005596558362210516,0.001730809330353295,119.88907590306498]
13.920521303082424,[330.32031048724207,61.69184101214221,827.3756653752325,516.0301338072638,123.18215747509409,36.10012301530728,47.573548545493516,26.784198873389904,110.69702347053416,6.111830376989715,121.42830867822222,1.5570668759497912,1.6473530129684717,0.005598350625383038,0.0017325649058520572,119.90469972279426]
13.920521625575125,[330.328023062758,61.69243028001007,827.3755392873658,516.0349360679916,123.1822336771013,36.10010623816222,47.5733971293332,26.7842113353372,110.6975722095293,6.1123445264389,121.42842925305825,1.5570340688170974,1.6473414872089256,0.0056016788737418026,0.0017305923853641408,119.9048921695753]
13.920521674878213,[330.322165651952,61.693464683803214,827.375744252281,516.0291784104443,123.18229659089756,36.10011900421748,47.5737134280003,26.78421287714876,110.69680279696507,6.1119194654006535,121.42849526192137,1.557062795613868,1.647371076118473,0.005596429225974851,0.0017347979786801965,119.90698465592278]
13.920521778663495,[330.3197719936744,61.69185155671555,827.3751431691306,516.0318932780708,123.18282819583536,36.10012524959037,47.573449349055494,26.784204295074236,110.69706200398242,6.11190964360333,121.42857072380184,1.5570434408849196,1.6474248128131124,0.0055946046958363325,0.0017316352832920912,119.90369711058821]
13.920521909171946,[330.3216686998687,61.694685085455006,827.3757462737456,516.0260975096745,123.18221092875575,36.10013020635796,47.57372792265766,26.78422337868187,110.69666062690756,6.111815656750085,121.42854604308195,1.557063074243499,1.647385744467903,0.005608479718737015,0.001733198371305672,119.91092882422427]
13.920521912337868,[330.3226572297512,61.69222379488335,827.3751222227556,516.0347920542267,123.18257541225537,36.10007840866364,47.573217487136695,26.784177004000263,110.69775570046083,6.1124720714653735,121.42853844457443,1.5570482073295107,1.6474798503334598,0.005601479448938251,0.0017317049341194954,119.90896717199054]
13.92052201397778,[330.3220400761877,61.692809865941186,827.3749066830259,516.0324840903512,123.18225557049217,36.10011469557749,47.57317142711538,26.784181142135473,110.69770036058586,6.112058113556833,121.42839275669542,1.5570158786345047,1.6473760126705204,0.0056081961659109275,0.001729893809180696,119.90138737670938]
13.920522048370682,[330.3211621407194,61.69256250501805,827.3749138221644,516.0288626917591,123.18177545709673,36.10015226018657,47.573541560021184,26.78415430277351,110.69670360426058,6.110578367746768,121.42822517972928,1.5570664834236783,1.6473152077996052,0.005604688415488095,0.0017379084761641544,119.87067053064794]
13.92052212098671,[330.3253942748315,61.69282051272771,827.3746104987049,516.0339815943171,123.1825825245929,36.10012783715906,47.57359137925178,26.784156637902765,110.69781469276482,6.11260765473443,121.42842620301963,1.557017212944203,1.6471936413181085,0.005610884526988322,0.0017361375890182764,119.9053426858264]
.
  116.7178	:  112.3713
  425.0038	:  415.7226
  464.1213	:  444.1664
  594.8670	:  570.5064
  597.1766	:  575.1116
  864.0633	:  820.3267
  979.6132	:  941.1332
 1045.6299	:  993.3296
 1207.7242	: 1128.6806
 1308.1129	: 1267.9471
 1376.3175	: 1333.9517
 1442.3229	: 1380.6061
 1456.7373	: 1386.4208
 1878.1105	: 1796.7962
 3035.5845	: 2901.0508
 3102.6388	: 3001.0558
 3166.4380	: 3002.0238
 3764.1773	: 3602.2534

    0.9628
    0.9782
    0.9570
    0.9590
    0.9631
    0.9494
    0.9607
    0.9500
    0.9346
    0.9693
    0.9692
    0.9572
    0.9517
    0.9567
    0.9557
    0.9673
    0.9481
    0.9570
