Generation 948
13.71,[330.208, 58.291, 834.854, 516.227, 114.634, 35.727, 47.683, 28.234, 149.133, 3.62, 81.068, 0.365, 4.603, 0.004, 0.0, 84.66]
13.71,[330.208, 58.291, 834.854, 516.227, 114.634, 35.727, 47.683, 28.234, 149.133, 3.62, 81.068, 0.365, 4.603, 0.004, 0.0, 84.66]
13.71,[330.208, 58.291, 834.854, 516.227, 114.634, 35.727, 47.683, 28.234, 149.133, 3.62, 81.068, 0.365, 4.603, 0.004, 0.0, 84.66]
13.71,[330.208, 58.291, 834.854, 516.227, 114.634, 35.727, 47.683, 28.234, 149.133, 3.62, 81.068, 0.365, 4.603, 0.004, 0.0, 84.66]
13.71,[330.208, 58.291, 834.854, 516.227, 114.634, 35.727, 47.683, 28.234, 149.133, 3.62, 81.068, 0.365, 4.603, 0.004, 0.0, 84.66]
13.71,[330.21, 58.295, 834.871, 516.222, 114.633, 35.732, 47.683, 28.231, 149.121, 3.635, 81.155, 0.365, 4.603, 0.004, 0.0, 84.629]
13.71,[330.206, 58.297, 834.831, 516.226, 114.645, 35.728, 47.682, 28.231, 149.127, 3.619, 81.086, 0.365, 4.603, 0.004, 0.0, 84.649]
13.72,[330.201, 58.262, 834.713, 516.206, 114.63, 35.732, 47.68, 28.228, 149.122, 3.635, 81.133, 0.365, 4.602, 0.004, 0.0, 84.595]
14.06,[329.51, 62.123, 825.979, 515.024, 117.208, 36.059, 46.883, 27.98, 152.87, 2.584, 83.032, 0.459, 4.563, 0.002, 0.001, 83.115]
14.07,[329.514, 61.023, 827.505, 515.845, 115.648, 35.822, 47.0, 27.874, 151.972, 4.107, 81.401, 0.333, 4.572, 0.003, 0.001, 82.016]
14.11,[329.564, 60.44, 827.387, 515.742, 115.388, 35.825, 46.99, 27.729, 153.198, 4.055, 81.312, 0.334, 4.551, 0.004, 0.001, 81.97]
14.11,[329.564, 60.44, 827.387, 515.742, 115.388, 35.825, 46.99, 27.729, 153.198, 4.055, 81.312, 0.334, 4.551, 0.004, 0.001, 81.97]
14.11,[329.564, 60.44, 827.387, 515.742, 115.388, 35.825, 46.99, 27.729, 153.198, 4.055, 81.312, 0.334, 4.551, 0.004, 0.001, 81.97]
14.16,[329.492, 62.567, 827.313, 515.558, 115.61, 35.846, 47.023, 27.882, 151.158, 4.499, 81.934, 0.359, 4.57, 0.003, 0.001, 81.125]
14.21,[329.383, 59.669, 825.863, 515.313, 113.606, 36.083, 47.448, 27.413, 146.224, 5.014, 87.705, 0.39, 4.623, 0.0, 0.001, 83.249]
14.23,[329.771, 57.841, 824.403, 517.389, 113.991, 35.798, 47.48, 28.038, 153.112, 4.072, 81.227, 0.467, 4.484, 0.002, 0.001, 82.969]
14.25,[330.49, 61.022, 826.262, 515.384, 114.385, 35.695, 47.799, 27.983, 149.675, 3.315, 80.991, 0.347, 4.619, 0.003, 0.0, 80.522]
14.25,[330.49, 61.022, 826.262, 515.384, 114.385, 35.695, 47.799, 27.983, 149.675, 3.315, 80.991, 0.347, 4.619, 0.003, 0.0, 80.522]
14.25,[330.49, 61.022, 826.262, 515.384, 114.385, 35.695, 47.799, 27.983, 149.675, 3.315, 80.991, 0.347, 4.619, 0.003, 0.0, 80.522]
14.27,[329.516, 59.237, 829.147, 516.113, 114.04, 35.834, 47.221, 27.661, 150.294, 4.169, 81.82, 0.376, 4.568, 0.009, 0.0, 82.737]
14.27,[329.612, 58.852, 832.129, 515.673, 113.286, 35.812, 48.205, 27.74, 149.153, 4.873, 85.63, 0.368, 4.706, 0.0, 0.002, 83.537]
14.28,[329.805, 59.141, 830.693, 516.199, 115.234, 35.959, 46.915, 27.655, 150.645, 3.724, 83.208, 0.367, 4.484, 0.002, 0.001, 82.688]
14.29,[329.614, 58.603, 831.933, 516.113, 112.561, 35.787, 48.553, 27.751, 149.211, 3.231, 84.651, 0.372, 4.701, 0.0, 0.001, 83.385]
14.29,[329.549, 59.871, 828.598, 517.491, 117.695, 36.056, 46.731, 27.806, 147.354, 5.47, 81.611, 0.381, 4.649, 0.002, 0.002, 82.867]
14.29,[329.892, 59.326, 831.076, 516.231, 116.9, 35.94, 47.522, 27.7, 147.368, 3.419, 84.724, 0.376, 4.505, 0.001, 0.001, 82.742]
14.30,[329.891, 59.312, 830.959, 516.211, 116.848, 35.937, 47.513, 27.699, 147.486, 3.42, 84.674, 0.376, 4.506, 0.001, 0.001, 82.741]
14.30,[329.879, 59.361, 830.855, 516.191, 116.81, 35.934, 47.496, 27.703, 147.677, 3.443, 84.567, 0.374, 4.508, 0.001, 0.001, 82.717]
14.30,[329.879, 59.361, 830.854, 516.191, 116.81, 35.934, 47.496, 27.703, 147.679, 3.443, 84.566, 0.374, 4.508, 0.001, 0.001, 82.717]
14.30,[329.875, 59.373, 830.818, 516.185, 116.797, 35.934, 47.49, 27.704, 147.737, 3.451, 84.533, 0.374, 4.508, 0.001, 0.001, 82.711]
14.30,[329.866, 59.431, 830.627, 516.19, 116.717, 35.932, 47.467, 27.713, 148.046, 3.49, 84.386, 0.373, 4.512, 0.001, 0.001, 82.693]
14.30,[329.827, 59.147, 830.893, 516.192, 116.751, 35.951, 47.536, 27.695, 147.827, 3.327, 84.579, 0.378, 4.508, 0.0, 0.001, 82.726]
14.30,[329.867, 59.425, 830.65, 516.19, 116.706, 35.931, 47.468, 27.715, 148.052, 3.491, 84.368, 0.373, 4.512, 0.001, 0.001, 82.704]
14.30,[329.832, 60.192, 830.888, 516.321, 116.351, 35.969, 46.951, 27.69, 149.617, 3.764, 83.353, 0.366, 4.465, 0.002, 0.0, 82.937]
14.30,[329.839, 59.312, 830.774, 516.185, 116.752, 35.937, 47.455, 27.695, 147.965, 3.378, 84.393, 0.373, 4.515, 0.001, 0.001, 82.48]
14.30,[329.84, 59.308, 830.774, 516.187, 116.752, 35.937, 47.457, 27.694, 147.959, 3.377, 84.395, 0.373, 4.515, 0.001, 0.001, 82.482]
14.30,[329.7, 59.86, 831.173, 516.079, 116.759, 35.961, 47.276, 27.781, 148.431, 3.435, 84.456, 0.379, 4.522, 0.0, 0.001, 82.484]
14.30,[329.855, 59.084, 830.851, 516.269, 116.741, 35.955, 47.512, 27.669, 147.618, 3.286, 84.613, 0.38, 4.503, 0.0, 0.001, 82.669]
14.30,[329.829, 59.357, 830.671, 516.157, 116.713, 35.933, 47.443, 27.701, 148.153, 3.401, 84.296, 0.372, 4.517, 0.001, 0.001, 82.473]
14.30,[329.743, 59.337, 831.018, 515.962, 116.781, 35.94, 47.609, 27.775, 148.454, 3.45, 84.477, 0.373, 4.524, 0.001, 0.001, 82.898]
14.30,[329.897, 58.841, 831.267, 516.361, 116.877, 35.972, 47.584, 27.643, 146.867, 3.163, 85.041, 0.387, 4.494, 0.0, 0.001, 82.754]
14.30,[329.834, 59.564, 830.469, 516.109, 116.664, 35.919, 47.429, 27.723, 148.466, 3.534, 84.132, 0.368, 4.515, 0.001, 0.001, 82.619]
14.31,[329.715, 59.846, 830.763, 516.005, 116.686, 35.938, 47.267, 27.775, 149.005, 3.569, 84.068, 0.371, 4.529, 0.001, 0.001, 82.396]
14.31,[329.715, 59.4, 831.059, 515.886, 116.791, 35.936, 47.633, 27.801, 148.662, 3.491, 84.443, 0.371, 4.529, 0.001, 0.001, 82.955]
14.31,[329.714, 59.861, 830.744, 516.009, 116.679, 35.938, 47.254, 27.774, 149.026, 3.573, 84.049, 0.371, 4.529, 0.001, 0.001, 82.377]
14.31,[329.712, 59.358, 831.219, 515.89, 116.828, 35.943, 47.673, 27.805, 148.445, 3.439, 84.602, 0.372, 4.527, 0.001, 0.001, 83.033]
14.31,[329.764, 59.511, 830.143, 515.962, 116.529, 35.921, 47.461, 27.756, 148.947, 3.597, 84.004, 0.368, 4.524, 0.002, 0.001, 82.737]
14.31,[329.748, 59.512, 830.246, 515.94, 116.554, 35.924, 47.482, 27.765, 148.996, 3.59, 84.025, 0.368, 4.526, 0.001, 0.001, 82.764]
14.31,[329.705, 59.634, 830.526, 515.909, 116.616, 35.93, 47.448, 27.787, 149.193, 3.58, 84.013, 0.368, 4.53, 0.001, 0.001, 82.689]
14.31,[329.744, 59.906, 830.663, 515.987, 116.639, 35.927, 47.205, 27.768, 149.053, 3.555, 84.014, 0.37, 4.53, 0.001, 0.001, 82.286]
14.31,[329.74, 58.657, 831.626, 516.109, 116.9, 35.991, 47.767, 27.725, 147.41, 3.118, 85.176, 0.389, 4.512, 0.0, 0.001, 83.051]
14.31,[329.758, 59.981, 830.937, 515.988, 116.706, 35.928, 47.145, 27.77, 148.89, 3.508, 84.149, 0.371, 4.531, 0.001, 0.001, 82.172]
14.31,[329.822, 59.507, 829.769, 516.042, 116.439, 35.913, 47.386, 27.721, 148.77, 3.621, 83.929, 0.368, 4.518, 0.002, 0.001, 82.639]
14.31,[329.73, 59.827, 830.372, 515.986, 116.568, 35.927, 47.268, 27.767, 149.227, 3.604, 83.871, 0.368, 4.529, 0.001, 0.001, 82.408]
14.31,[329.771, 59.989, 830.828, 516.0, 116.684, 35.922, 47.157, 27.765, 148.883, 3.514, 84.099, 0.37, 4.53, 0.001, 0.001, 82.192]
14.31,[329.771, 59.994, 830.858, 515.999, 116.691, 35.923, 47.152, 27.766, 148.868, 3.509, 84.114, 0.37, 4.53, 0.001, 0.001, 82.183]
14.31,[329.77, 59.993, 830.829, 515.998, 116.684, 35.922, 47.155, 27.766, 148.889, 3.515, 84.097, 0.37, 4.53, 0.001, 0.001, 82.19]
14.31,[329.79, 59.716, 830.053, 516.05, 116.527, 35.91, 47.363, 27.739, 149.073, 3.623, 83.768, 0.364, 4.523, 0.002, 0.001, 82.539]
14.32,[329.766, 58.959, 830.509, 516.206, 116.936, 35.921, 47.524, 27.736, 149.293, 3.732, 83.235, 0.367, 4.527, 0.001, 0.001, 82.443]
14.32,[329.803, 59.428, 829.687, 516.073, 116.248, 35.924, 47.401, 27.71, 148.866, 3.419, 84.011, 0.373, 4.512, 0.001, 0.001, 82.782]
14.32,[329.768, 59.886, 830.282, 516.01, 116.558, 35.913, 47.249, 27.756, 149.167, 3.599, 83.81, 0.366, 4.529, 0.001, 0.001, 82.357]
14.32,[329.768, 59.881, 830.252, 516.01, 116.551, 35.913, 47.254, 27.755, 149.183, 3.604, 83.794, 0.365, 4.529, 0.001, 0.001, 82.366]
14.32,[329.773, 60.075, 831.289, 515.991, 116.791, 35.93, 47.079, 27.773, 148.644, 3.442, 84.342, 0.373, 4.531, 0.001, 0.001, 82.053]
14.32,[329.721, 59.191, 831.546, 515.864, 116.963, 35.947, 47.795, 27.818, 148.159, 3.414, 84.849, 0.375, 4.527, 0.0, 0.001, 83.2]
14.32,[329.773, 60.078, 831.306, 515.992, 116.795, 35.93, 47.077, 27.774, 148.633, 3.44, 84.35, 0.373, 4.531, 0.001, 0.001, 82.049]
14.32,[329.772, 60.06, 831.228, 515.989, 116.777, 35.928, 47.082, 27.772, 148.717, 3.459, 84.291, 0.373, 4.532, 0.001, 0.001, 82.051]
14.32,[329.788, 59.759, 830.159, 516.033, 116.536, 35.905, 47.363, 27.741, 149.272, 3.618, 83.715, 0.362, 4.522, 0.002, 0.001, 82.531]
14.32,[329.736, 60.593, 828.345, 515.567, 116.463, 35.896, 47.265, 27.799, 149.988, 3.925, 83.83, 0.359, 4.572, 0.001, 0.001, 82.95]
14.32,[329.721, 59.175, 831.565, 515.86, 116.97, 35.948, 47.808, 27.819, 148.139, 3.41, 84.868, 0.375, 4.527, 0.0, 0.001, 83.219]
14.32,[329.69, 59.516, 830.621, 515.861, 116.645, 35.932, 47.558, 27.8, 149.172, 3.566, 84.101, 0.368, 4.531, 0.001, 0.001, 82.863]
14.32,[329.772, 59.582, 830.042, 516.073, 116.48, 35.921, 47.362, 27.72, 149.108, 3.54, 83.767, 0.367, 4.522, 0.001, 0.001, 82.457]
14.32,[329.768, 59.788, 829.908, 516.042, 116.465, 35.912, 47.349, 27.746, 149.16, 3.612, 83.703, 0.362, 4.524, 0.002, 0.001, 82.556]
14.32,[329.689, 59.536, 830.576, 515.856, 116.632, 35.93, 47.547, 27.8, 149.241, 3.577, 84.054, 0.367, 4.532, 0.001, 0.001, 82.843]
14.32,[329.711, 59.265, 831.267, 515.855, 116.859, 35.939, 47.748, 27.811, 148.489, 3.455, 84.617, 0.372, 4.529, 0.001, 0.001, 83.127]
14.32,[329.711, 59.26, 831.286, 515.852, 116.865, 35.939, 47.753, 27.813, 148.476, 3.453, 84.631, 0.372, 4.529, 0.001, 0.001, 83.136]
14.32,[329.76, 60.096, 831.059, 515.97, 116.731, 35.925, 47.076, 27.779, 148.841, 3.482, 84.179, 0.372, 4.534, 0.001, 0.001, 82.037]
14.32,[329.758, 60.086, 830.994, 516.003, 116.746, 35.927, 47.064, 27.777, 148.835, 3.534, 84.13, 0.372, 4.537, 0.001, 0.001, 82.062]
14.32,[329.752, 59.656, 829.95, 516.073, 116.444, 35.918, 47.345, 27.727, 149.355, 3.561, 83.623, 0.366, 4.524, 0.001, 0.001, 82.457]
14.32,[329.766, 59.8, 829.822, 516.018, 116.451, 35.906, 47.327, 27.748, 149.407, 3.671, 83.567, 0.362, 4.528, 0.002, 0.001, 82.496]
14.32,[329.766, 59.801, 829.82, 516.017, 116.451, 35.906, 47.326, 27.748, 149.413, 3.672, 83.564, 0.362, 4.528, 0.002, 0.001, 82.494]
14.32,[329.755, 59.664, 829.87, 516.046, 116.42, 35.914, 47.344, 27.732, 149.413, 3.58, 83.597, 0.365, 4.525, 0.001, 0.001, 82.472]
14.32,[329.754, 60.082, 830.888, 515.997, 116.713, 35.926, 47.072, 27.776, 148.933, 3.548, 84.064, 0.371, 4.536, 0.001, 0.001, 82.077]
14.32,[329.733, 60.143, 830.689, 515.936, 116.608, 35.91, 47.065, 27.794, 149.351, 3.551, 83.885, 0.367, 4.538, 0.001, 0.001, 82.026]
14.32,[329.745, 59.946, 830.278, 516.034, 116.538, 35.925, 47.158, 27.754, 149.247, 3.618, 83.784, 0.368, 4.527, 0.001, 0.001, 82.234]
14.32,[329.755, 59.669, 829.851, 516.048, 116.414, 35.914, 47.338, 27.73, 149.426, 3.582, 83.583, 0.365, 4.525, 0.001, 0.001, 82.463]
14.32,[329.795, 59.589, 829.623, 515.974, 116.319, 35.905, 47.341, 27.725, 149.441, 3.599, 83.65, 0.362, 4.522, 0.002, 0.001, 82.565]
14.32,[329.795, 59.589, 829.626, 515.974, 116.319, 35.905, 47.341, 27.725, 149.441, 3.599, 83.65, 0.362, 4.522, 0.002, 0.001, 82.565]
14.32,[329.795, 59.59, 829.626, 515.975, 116.319, 35.905, 47.34, 27.725, 149.441, 3.599, 83.649, 0.362, 4.522, 0.002, 0.001, 82.565]
14.32,[329.724, 59.937, 830.433, 516.026, 116.561, 35.921, 47.211, 27.764, 149.179, 3.595, 83.887, 0.369, 4.529, 0.001, 0.001, 82.266]
14.32,[329.693, 60.076, 830.537, 515.966, 116.584, 35.921, 47.22, 27.766, 149.698, 3.639, 83.837, 0.364, 4.529, 0.001, 0.001, 82.352]
14.32,[329.777, 59.615, 829.935, 516.081, 116.371, 35.915, 47.341, 27.738, 149.233, 3.591, 83.9, 0.366, 4.524, 0.002, 0.001, 82.581]
14.32,[329.756, 59.636, 829.951, 515.982, 116.445, 35.9, 47.311, 27.726, 149.829, 3.685, 83.746, 0.367, 4.52, 0.002, 0.001, 82.468]
14.32,[329.66, 59.329, 831.056, 515.924, 116.711, 35.96, 47.687, 27.812, 148.562, 3.402, 84.576, 0.381, 4.525, 0.0, 0.001, 83.146]
14.33,[329.687, 59.71, 830.132, 515.795, 116.469, 35.908, 47.463, 27.805, 149.824, 3.621, 83.666, 0.361, 4.537, 0.001, 0.001, 82.692]
14.33,[329.728, 59.935, 829.959, 515.942, 116.423, 35.907, 47.258, 27.756, 149.802, 3.669, 83.603, 0.361, 4.529, 0.002, 0.001, 82.416]
14.33,[329.738, 59.996, 830.295, 515.96, 116.523, 35.919, 47.161, 27.765, 149.414, 3.602, 83.737, 0.366, 4.531, 0.001, 0.001, 82.219]
14.33,[329.734, 59.968, 830.146, 516.019, 116.494, 35.923, 47.148, 27.755, 149.413, 3.641, 83.683, 0.367, 4.529, 0.001, 0.001, 82.227]
14.33,[329.756, 59.876, 829.756, 515.983, 116.411, 35.898, 47.312, 27.754, 149.691, 3.69, 83.433, 0.36, 4.529, 0.002, 0.001, 82.46]
14.33,[329.656, 59.693, 829.884, 515.735, 116.462, 35.916, 47.447, 27.81, 149.206, 3.556, 83.628, 0.359, 4.533, 0.001, 0.001, 82.703]
14.33,[329.811, 60.561, 829.265, 516.28, 116.34, 35.897, 47.162, 27.872, 151.139, 4.261, 82.596, 0.35, 4.55, 0.003, 0.0, 82.358]
14.33,[329.723, 60.017, 830.081, 515.943, 116.452, 35.911, 47.158, 27.773, 149.692, 3.641, 83.574, 0.364, 4.534, 0.001, 0.001, 82.219]
14.33,[329.774, 59.662, 829.905, 516.05, 116.391, 35.91, 47.336, 27.741, 149.313, 3.616, 83.749, 0.364, 4.525, 0.002, 0.001, 82.543]
14.33,[329.699, 60.056, 830.211, 515.956, 116.493, 35.921, 47.157, 27.773, 149.736, 3.646, 83.552, 0.364, 4.529, 0.001, 0.001, 82.324]
14.33,[329.732, 59.974, 830.107, 515.958, 116.472, 35.918, 47.182, 27.762, 149.562, 3.633, 83.624, 0.365, 4.531, 0.002, 0.001, 82.263]
14.33,[329.732, 59.969, 830.087, 515.957, 116.466, 35.917, 47.184, 27.762, 149.569, 3.635, 83.616, 0.365, 4.531, 0.002, 0.001, 82.268]
14.33,[329.721, 59.987, 829.939, 515.944, 116.416, 35.911, 47.179, 27.768, 149.771, 3.661, 83.501, 0.363, 4.533, 0.001, 0.001, 82.264]
14.33,[329.751, 59.84, 829.566, 515.926, 116.314, 35.898, 47.284, 27.748, 149.872, 3.689, 83.444, 0.359, 4.529, 0.002, 0.001, 82.459]
14.33,[329.775, 59.976, 829.505, 515.858, 116.315, 35.902, 47.103, 27.763, 148.763, 3.666, 83.999, 0.371, 4.533, 0.002, 0.001, 82.16]
14.33,[329.771, 59.737, 829.376, 515.925, 116.27, 35.896, 47.305, 27.746, 149.765, 3.686, 83.396, 0.36, 4.528, 0.002, 0.001, 82.488]
14.33,[329.778, 59.636, 829.365, 515.929, 116.216, 35.898, 47.309, 27.729, 149.81, 3.631, 83.459, 0.36, 4.525, 0.002, 0.001, 82.533]
14.33,[329.809, 59.788, 829.98, 515.886, 116.464, 35.915, 47.127, 27.747, 147.857, 3.556, 84.561, 0.377, 4.523, 0.002, 0.001, 82.151]
14.33,[329.809, 59.788, 829.98, 515.886, 116.464, 35.915, 47.127, 27.747, 147.857, 3.556, 84.561, 0.377, 4.523, 0.002, 0.001, 82.151]
14.33,[329.771, 59.733, 829.359, 515.924, 116.265, 35.895, 47.307, 27.745, 149.775, 3.688, 83.387, 0.36, 4.528, 0.002, 0.001, 82.492]
14.33,[329.744, 59.925, 829.651, 515.963, 116.373, 35.895, 47.295, 27.759, 149.882, 3.713, 83.326, 0.358, 4.531, 0.002, 0.001, 82.436]
14.33,[329.774, 59.789, 829.726, 515.99, 116.366, 35.899, 47.312, 27.756, 149.515, 3.705, 83.608, 0.361, 4.528, 0.002, 0.001, 82.54]
14.33,[329.774, 59.746, 829.259, 515.9, 116.235, 35.891, 47.301, 27.749, 149.845, 3.709, 83.347, 0.359, 4.529, 0.002, 0.001, 82.498]
14.33,[329.732, 60.187, 830.209, 515.889, 116.469, 35.904, 47.072, 27.782, 149.492, 3.624, 83.736, 0.366, 4.537, 0.002, 0.001, 82.082]
14.33,[329.762, 59.779, 829.245, 515.907, 116.228, 35.892, 47.293, 27.749, 149.876, 3.71, 83.321, 0.359, 4.529, 0.002, 0.001, 82.475]
14.33,[329.763, 59.774, 829.224, 515.906, 116.222, 35.891, 47.295, 27.749, 149.883, 3.712, 83.314, 0.359, 4.529, 0.002, 0.001, 82.48]
14.34,[329.811, 59.974, 829.265, 515.606, 116.34, 35.844, 47.162, 27.766, 151.139, 4.033, 82.596, 0.335, 4.55, 0.003, 0.0, 82.012]
14.34,[329.961, 60.701, 840.095, 515.565, 114.559, 35.818, 47.543, 27.839, 148.733, 4.15, 82.224, 0.333, 4.504, 0.004, 0.0, 82.077]
14.34,[329.783, 59.95, 828.859, 515.873, 116.096, 35.882, 47.238, 27.744, 150.257, 3.729, 83.114, 0.357, 4.529, 0.003, 0.001, 82.554]
14.34,[329.782, 60.196, 830.353, 516.002, 116.477, 35.926, 47.119, 27.765, 149.347, 3.638, 83.707, 0.375, 4.535, 0.001, 0.001, 82.562]
14.34,[329.694, 60.057, 830.668, 515.783, 116.772, 35.902, 47.275, 27.769, 149.585, 3.62, 83.366, 0.345, 4.54, 0.002, 0.001, 82.337]
14.34,[329.81, 60.548, 828.646, 515.58, 116.824, 35.916, 47.361, 27.784, 148.784, 3.882, 84.658, 0.368, 4.573, 0.001, 0.001, 83.296]
14.34,[329.746, 59.615, 828.339, 515.848, 116.025, 35.908, 47.187, 27.748, 150.359, 3.869, 82.941, 0.366, 4.535, 0.002, 0.001, 82.599]
14.34,[329.786, 59.674, 828.959, 515.918, 116.132, 35.886, 47.331, 27.736, 149.907, 3.696, 83.243, 0.358, 4.527, 0.002, 0.001, 82.557]
14.34,[329.788, 59.78, 829.114, 515.909, 116.182, 35.882, 47.247, 27.753, 149.879, 3.707, 83.347, 0.358, 4.542, 0.002, 0.001, 82.081]
14.34,[329.714, 59.912, 829.436, 515.956, 116.278, 35.897, 47.266, 27.756, 150.177, 3.705, 83.155, 0.358, 4.534, 0.002, 0.001, 82.378]
14.34,[329.799, 59.774, 829.55, 515.967, 116.336, 35.903, 47.335, 27.723, 149.394, 3.588, 83.271, 0.36, 4.523, 0.002, 0.001, 82.521]
14.34,[329.786, 59.699, 828.987, 515.902, 116.154, 35.884, 47.321, 27.738, 149.976, 3.719, 83.209, 0.357, 4.528, 0.003, 0.001, 82.523]
14.34,[329.678, 60.267, 829.194, 515.997, 116.304, 35.894, 47.315, 27.76, 149.723, 3.558, 82.802, 0.358, 4.561, 0.002, 0.001, 82.525]
14.34,[329.678, 60.268, 829.193, 515.997, 116.304, 35.894, 47.315, 27.76, 149.724, 3.559, 82.801, 0.358, 4.561, 0.002, 0.001, 82.525]
14.34,[329.735, 60.053, 829.033, 516.059, 116.224, 35.933, 46.853, 27.772, 150.234, 3.855, 82.713, 0.366, 4.543, 0.002, 0.0, 82.868]
14.34,[329.711, 59.861, 829.331, 515.951, 116.26, 35.912, 47.272, 27.748, 150.112, 3.751, 83.19, 0.359, 4.528, 0.002, 0.001, 82.457]
14.34,[329.765, 59.78, 829.831, 515.974, 116.441, 35.9, 47.325, 27.748, 149.514, 3.676, 83.374, 0.361, 4.527, 0.002, 0.001, 82.447]
14.34,[329.73, 59.298, 829.208, 515.713, 116.246, 35.898, 47.107, 27.773, 150.207, 3.64, 83.16, 0.365, 4.543, 0.002, 0.001, 82.019]
14.34,[329.71, 59.869, 829.322, 515.946, 116.258, 35.911, 47.27, 27.749, 150.142, 3.755, 83.174, 0.359, 4.529, 0.002, 0.001, 82.45]
14.34,[329.707, 59.873, 829.294, 515.945, 116.247, 35.911, 47.267, 27.749, 150.171, 3.758, 83.156, 0.359, 4.529, 0.002, 0.001, 82.45]
14.34,[329.81, 59.712, 828.841, 515.897, 116.104, 35.872, 47.27, 27.748, 149.915, 3.722, 83.297, 0.356, 4.545, 0.003, 0.001, 82.021]
14.34,[329.74, 59.894, 828.882, 515.858, 116.113, 35.882, 47.258, 27.758, 150.181, 3.777, 83.116, 0.357, 4.533, 0.003, 0.001, 82.439]
14.35,[329.72, 59.147, 829.142, 515.681, 116.231, 35.897, 47.108, 27.775, 150.528, 3.634, 82.973, 0.364, 4.545, 0.002, 0.001, 81.987]
14.35,[329.694, 59.945, 829.129, 515.902, 116.18, 35.903, 47.244, 27.757, 150.439, 3.78, 83.024, 0.357, 4.532, 0.002, 0.001, 82.405]
14.35,[329.761, 59.827, 829.801, 515.943, 116.462, 35.896, 47.321, 27.751, 149.594, 3.7, 83.223, 0.36, 4.529, 0.002, 0.001, 82.409]
14.35,[329.44, 58.47, 829.261, 515.536, 113.64, 35.892, 47.149, 27.786, 150.553, 3.609, 82.464, 0.358, 4.54, 0.002, 0.001, 81.847]
14.35,[329.774, 59.613, 828.434, 515.862, 116.008, 35.876, 47.391, 27.738, 150.334, 3.818, 82.943, 0.353, 4.528, 0.003, 0.001, 82.679]
14.35,[329.79, 60.265, 828.113, 515.789, 115.653, 35.901, 47.399, 27.802, 150.707, 3.866, 83.115, 0.373, 4.521, 0.002, 0.001, 83.042]
14.35,[329.756, 60.576, 829.618, 515.851, 116.838, 35.871, 47.185, 27.879, 150.007, 4.353, 82.756, 0.348, 4.563, 0.004, 0.001, 82.317]
14.35,[329.72, 58.841, 829.203, 515.733, 116.307, 35.891, 47.147, 27.75, 151.575, 3.783, 82.404, 0.366, 4.552, 0.001, 0.001, 81.897]
14.35,[329.718, 58.793, 829.205, 515.719, 116.306, 35.891, 47.146, 27.751, 151.6, 3.766, 82.392, 0.366, 4.552, 0.002, 0.001, 81.892]
14.35,[329.779, 59.923, 829.492, 515.769, 116.468, 35.865, 47.217, 27.756, 150.634, 3.97, 82.902, 0.341, 4.545, 0.003, 0.001, 82.114]
14.35,[329.771, 59.992, 829.359, 515.879, 116.265, 35.893, 47.307, 27.753, 149.775, 3.823, 83.387, 0.354, 4.528, 0.002, 0.001, 82.375]
14.35,[329.742, 59.537, 828.316, 515.869, 115.964, 35.908, 47.175, 27.745, 150.469, 3.867, 82.815, 0.366, 4.532, 0.002, 0.001, 82.547]
14.35,[329.741, 59.543, 828.315, 515.869, 115.963, 35.908, 47.174, 27.745, 150.48, 3.868, 82.809, 0.365, 4.532, 0.002, 0.001, 82.545]
14.35,[329.774, 60.934, 829.54, 515.71, 116.598, 35.814, 47.224, 27.873, 150.2, 4.065, 82.641, 0.338, 4.543, 0.003, 0.001, 82.417]
14.35,[329.757, 59.739, 829.254, 515.838, 116.378, 35.87, 47.174, 27.741, 151.091, 4.036, 82.642, 0.356, 4.55, 0.002, 0.001, 81.995]
14.36,[329.698, 60.136, 829.152, 515.762, 116.14, 35.899, 47.271, 27.753, 150.538, 3.619, 82.859, 0.349, 4.54, 0.002, 0.001, 82.31]
14.36,[329.436, 58.433, 829.18, 515.521, 113.61, 35.899, 47.146, 27.779, 150.545, 3.629, 82.483, 0.358, 4.541, 0.002, 0.001, 81.819]
14.36,[329.777, 60.263, 829.058, 515.766, 116.271, 35.857, 47.223, 27.814, 150.267, 4.039, 83.084, 0.348, 4.541, 0.004, 0.001, 82.529]
14.36,[329.771, 59.654, 829.686, 515.866, 116.376, 35.904, 47.314, 27.732, 151.198, 3.722, 82.404, 0.362, 4.56, 0.001, 0.001, 82.164]
14.36,[329.803, 60.791, 829.655, 515.712, 116.549, 35.828, 47.24, 27.862, 150.339, 4.179, 83.059, 0.338, 4.543, 0.004, 0.001, 82.546]
14.36,[329.783, 60.668, 829.752, 515.636, 116.726, 35.846, 47.244, 27.889, 150.355, 4.206, 82.906, 0.343, 4.552, 0.004, 0.001, 82.245]
14.36,[329.751, 59.628, 829.212, 515.895, 116.35, 35.876, 47.169, 27.732, 151.151, 4.036, 82.608, 0.364, 4.551, 0.001, 0.001, 81.976]
14.36,[329.802, 60.356, 827.808, 515.78, 115.533, 35.897, 47.38, 27.803, 150.893, 3.902, 82.995, 0.373, 4.52, 0.002, 0.001, 83.064]
14.36,[329.764, 59.866, 829.303, 515.774, 116.41, 35.863, 47.18, 27.751, 151.022, 4.036, 82.681, 0.345, 4.55, 0.002, 0.001, 82.018]
14.36,[329.748, 59.569, 829.244, 515.934, 116.344, 35.882, 47.163, 27.727, 151.119, 4.019, 82.635, 0.37, 4.551, 0.001, 0.001, 81.965]
14.36,[329.85, 60.362, 825.157, 515.807, 117.294, 35.909, 47.369, 27.761, 153.144, 4.402, 82.543, 0.382, 4.512, 0.001, 0.0, 83.395]
14.36,[329.782, 60.236, 828.839, 515.735, 116.22, 35.855, 47.211, 27.814, 150.292, 4.078, 83.035, 0.348, 4.543, 0.004, 0.001, 82.54]
14.36,[329.752, 59.891, 829.196, 515.838, 116.356, 35.863, 47.164, 27.761, 151.204, 4.097, 82.578, 0.358, 4.552, 0.002, 0.001, 82.051]
14.36,[329.66, 60.066, 829.036, 515.707, 116.091, 35.874, 47.254, 27.805, 151.14, 3.766, 82.758, 0.349, 4.546, 0.002, 0.001, 82.358]
14.36,[329.707, 59.819, 829.044, 515.876, 116.138, 35.84, 47.132, 27.758, 149.861, 3.702, 83.366, 0.354, 4.54, 0.002, 0.001, 82.201]
14.36,[329.68, 59.997, 828.947, 515.885, 116.097, 35.895, 47.217, 27.754, 150.726, 3.808, 82.846, 0.354, 4.534, 0.002, 0.001, 82.36]
14.36,[329.747, 59.554, 829.183, 515.932, 116.331, 35.881, 47.166, 27.725, 151.192, 4.036, 82.585, 0.37, 4.551, 0.001, 0.001, 81.963]
14.36,[329.696, 60.036, 829.03, 515.985, 116.736, 35.933, 47.27, 27.672, 149.459, 3.678, 83.941, 0.361, 4.516, 0.001, 0.001, 82.16]
14.36,[329.648, 60.672, 827.744, 515.753, 115.764, 35.853, 47.014, 27.819, 152.118, 4.072, 81.916, 0.349, 4.571, 0.002, 0.0, 82.191]
14.36,[329.715, 59.727, 827.938, 515.77, 115.84, 35.911, 47.154, 27.781, 150.62, 3.784, 82.647, 0.356, 4.547, 0.003, 0.001, 82.636]
14.36,[329.779, 60.793, 829.492, 515.7, 116.468, 35.828, 47.217, 27.86, 150.634, 4.169, 82.902, 0.338, 4.545, 0.004, 0.001, 82.492]
14.36,[329.77, 59.977, 829.347, 515.719, 116.438, 35.857, 47.186, 27.761, 150.957, 4.035, 82.719, 0.337, 4.549, 0.003, 0.001, 82.039]
14.36,[329.691, 58.08, 829.225, 515.52, 116.282, 35.901, 47.128, 27.776, 151.983, 3.512, 82.211, 0.361, 4.553, 0.002, 0.001, 81.826]
14.36,[329.676, 59.992, 828.841, 515.879, 116.064, 35.893, 47.225, 27.753, 150.824, 3.823, 82.779, 0.354, 4.534, 0.002, 0.001, 82.375]
14.36,[329.778, 60.39, 828.879, 515.706, 116.246, 35.846, 47.199, 27.829, 150.469, 4.129, 82.944, 0.345, 4.545, 0.004, 0.001, 82.526]
14.36,[329.778, 60.39, 828.879, 515.706, 116.246, 35.846, 47.199, 27.829, 150.469, 4.129, 82.944, 0.345, 4.545, 0.004, 0.001, 82.526]
14.36,[329.722, 59.946, 829.095, 515.845, 116.059, 35.852, 47.072, 27.755, 150.775, 3.481, 82.731, 0.348, 4.548, 0.002, 0.001, 82.206]
14.37,[329.65, 60.11, 828.933, 515.678, 116.052, 35.871, 47.243, 27.811, 151.327, 3.789, 82.661, 0.348, 4.548, 0.002, 0.001, 82.351]
14.37,[329.674, 58.47, 828.845, 515.536, 116.162, 35.892, 47.112, 27.786, 151.972, 3.609, 82.135, 0.358, 4.555, 0.002, 0.001, 81.847]
14.37,[329.75, 59.904, 829.108, 515.813, 116.343, 35.857, 47.141, 27.763, 151.456, 4.157, 82.439, 0.358, 4.555, 0.002, 0.001, 81.988]
14.37,[329.755, 59.933, 829.036, 515.834, 116.319, 35.857, 47.124, 27.757, 151.421, 4.149, 82.418, 0.357, 4.554, 0.002, 0.001, 81.973]
14.37,[329.774, 60.05, 829.375, 515.682, 116.457, 35.852, 47.189, 27.767, 150.915, 4.035, 82.742, 0.331, 4.549, 0.003, 0.001, 82.052]
14.37,[329.774, 60.051, 829.374, 515.68, 116.457, 35.852, 47.189, 27.767, 150.921, 4.037, 82.739, 0.331, 4.549, 0.003, 0.001, 82.05]
14.37,[329.982, 59.358, 843.072, 516.186, 115.887, 35.873, 47.407, 27.884, 148.186, 3.977, 82.466, 0.357, 4.484, 0.002, 0.0, 81.956]
14.37,[329.751, 60.04, 829.212, 515.69, 116.35, 35.854, 47.169, 27.766, 151.151, 4.042, 82.608, 0.336, 4.551, 0.003, 0.001, 82.029]
14.37,[329.774, 60.076, 829.403, 515.666, 116.479, 35.85, 47.18, 27.769, 150.984, 4.058, 82.708, 0.329, 4.551, 0.003, 0.001, 82.018]
14.37,[329.713, 60.761, 829.168, 515.691, 116.446, 35.84, 47.181, 27.885, 150.775, 4.18, 82.515, 0.341, 4.557, 0.004, 0.001, 82.185]
14.37,[329.652, 60.21, 828.853, 515.673, 116.047, 35.861, 47.202, 27.81, 151.585, 3.863, 82.492, 0.344, 4.55, 0.003, 0.001, 82.258]
14.37,[329.705, 59.993, 829.087, 515.935, 116.13, 35.881, 47.225, 27.742, 150.552, 3.787, 82.886, 0.354, 4.535, 0.002, 0.001, 82.337]
14.37,[329.771, 60.084, 829.429, 515.671, 116.539, 35.845, 47.158, 27.771, 151.209, 4.15, 82.541, 0.33, 4.556, 0.003, 0.001, 81.897]
14.38,[329.69, 59.663, 829.866, 515.995, 116.366, 35.923, 47.225, 27.736, 153.086, 4.219, 82.465, 0.363, 4.536, 0.001, 0.001, 82.353]
14.38,[329.74, 59.622, 829.05, 515.923, 116.251, 35.859, 47.333, 27.728, 152.003, 4.372, 82.907, 0.358, 4.521, 0.002, 0.001, 82.177]
14.38,[329.72, 59.949, 830.982, 515.891, 116.403, 35.878, 47.285, 27.752, 148.895, 3.663, 83.904, 0.363, 4.531, 0.003, 0.001, 82.509]
14.38,[329.685, 60.638, 828.622, 515.696, 116.18, 35.816, 47.418, 27.801, 149.563, 3.831, 82.968, 0.352, 4.553, 0.004, 0.001, 83.602]
14.38,[329.779, 59.868, 828.874, 515.704, 116.33, 35.84, 47.158, 27.745, 151.617, 4.174, 82.274, 0.338, 4.556, 0.003, 0.001, 81.911]

  111.6989	:  112.5582
  406.7286	:  415.0064
  444.1641	:  444.3149
  569.2877	:  568.9277
  571.4980	:  574.0572
  826.9086	:  811.5962
  937.4898	:  932.2571
 1000.6678	:  994.0408
 1155.7921	: 1135.8771
 1251.8640	: 1262.9544
 1317.1358	: 1338.3668
 1380.3030	: 1378.5410
 1394.0976	: 1385.3394
 1797.3517	: 1802.3068
 2905.0544	: 2900.0634
 2969.2253	: 3001.3233
 3030.2812	: 3001.8270
 3602.3177	: 3602.7782

    1.0077
    1.0204
    1.0003
    0.9994
    1.0045
    0.9815
    0.9944
    0.9934
    0.9828
    1.0089
    1.0161
    0.9987
    0.9937
    1.0028
    0.9983
    1.0108
    0.9906
    1.0001

set hoacb1 330.21
set hoacb2 58.29
set hoacb3 834.85
set hoacb4 516.23
set hoacb5 114.63
set hoaca1 35.73
set hoaca2 47.68
set hoaca3 28.23
set hoaca4 149.13
set hoaca5 3.62
set hoaca6 81.07
set hoacd1 0.36
set hoacd2 4.60
set hoacd3 0.00
set hoacd4 0.00
set hoaci1 84.66
