Generation: 1857 (runtime: 61189 seconds)
39.73542291270213,[279.8925322666079,107.50384694740724,514.4714355468349,67.33543281038897,122.02673693036108,184.19278059667027,40.093960019570034,-9.378561511638308]
39.73596349380948,[280.0481142294507,108.07369078427418,514.471552059739,67.4462916535008,121.83217072033537,183.93470284247232,40.20110069805835,-9.403568649529918]
39.736221777573945,[280.0413484409981,107.5491012911461,514.4714129541449,67.44334830390348,122.02472494961575,184.190083097328,40.194917286679576,-9.378557882518942]
39.73623268170147,[280.04775118296243,107.55441359571824,514.4714441707688,67.44635732986595,122.02693936369073,184.19271944354873,40.19504437300429,-9.37863868994717]
39.73623437681376,[280.0475438317458,107.55351322097391,514.4713942623148,67.4463610570592,122.026975341156,184.19278741102173,40.19513549879903,-9.37870171125358]
39.73623588793082,[280.0475645576253,107.55345112494894,514.4715810685021,67.4463578506212,122.02694237304569,184.1927730364269,40.19502313364393,-9.378596731448395]
39.73623588793082,[280.0475645576253,107.55345112494894,514.4715810685021,67.4463578506212,122.02694237304569,184.1927730364269,40.19502313364393,-9.378596731448395]
39.73623861114694,[280.04755733208697,107.55349556409533,514.471481439305,67.44636238056029,122.02692213638878,184.19277714380274,40.19502505505799,-9.37858065245001]
39.73623953651553,[280.04752131944895,107.55368562981528,514.4714541099427,67.44635832133223,122.02690581970239,184.19278402308544,40.195241024769835,-9.37865526667748]
39.73623973952967,[280.04753018539037,107.55367593117889,514.4714046313982,67.44636284532417,122.02688854134263,184.1927848270365,40.19504918612343,-9.378578682500303]
39.736239821612365,[280.047544786686,107.55368384406256,514.4711231925226,67.44636810865683,122.02691803947272,184.19278757018435,40.19499042087131,-9.378619503207853]
39.73623996303212,[280.04750591139714,107.55365682311829,514.4713820938156,67.44636578544939,122.0268681918104,184.19278622730548,40.19498835491129,-9.378597428704758]
39.736241054536,[280.04751435345617,107.55370757342341,514.4715071460555,67.44636697581055,122.02686903473658,184.19278156645706,40.195223034508004,-9.37862651755486]
39.73624242318628,[280.04766396340744,107.55329483474677,514.471598810307,67.44635715910165,122.02697151852327,184.19277182144802,40.19496387860731,-9.378730977119304]
39.73624254440624,[280.0481108848783,107.55619910266051,514.4716310511617,67.44633989118795,122.02682587156703,184.1927713965304,40.194673810310256,-9.378604283712676]
39.73624261390086,[280.04751736711387,107.55388603410607,514.4715078216631,67.44636152454466,122.02681867516114,184.19277607266747,40.195067238871246,-9.378577583565104]
39.73624293673726,[280.0475209318073,107.55371562259222,514.47154177578,67.4463572886628,122.02684880783892,184.19277487081848,40.19515884606972,-9.378552002351995]
39.73624368040153,[280.04761072547194,107.55370697275312,514.4715238279537,67.44635800953667,122.02691866314177,184.19278167995685,40.19525356799482,-9.378639223353723]
39.73624375987298,[280.04751548384246,107.55367505855675,514.471458545989,67.44636737001447,122.02684314786897,184.19278205208917,40.195107511538275,-9.378501998017281]
39.73624383344143,[280.04768135135,107.55367406472743,514.4714028934441,67.44635836700914,122.0269899715513,184.19278763649643,40.195330203155685,-9.378605267293388]
39.73624386610383,[280.0475048557774,107.55365090713742,514.4713691316099,67.44636634946272,122.02684709530358,184.19278260081796,40.19506252939209,-9.378589091634272]
39.7362442034694,[280.0475002902765,107.55372052916618,514.4714246015228,67.44636935983345,122.02681431832639,184.1927815264519,40.19499244973525,-9.3785175994501]
39.73624453633952,[280.0475034871276,107.55357167870389,514.4713973069807,67.44636190498672,122.02685045242727,184.19278499352606,40.19500993854043,-9.378666448339763]
39.73624474697073,[280.0475083037619,107.55365009601125,514.4713867550349,67.4463726832821,122.02682624325453,184.19278297957146,40.19499892668627,-9.378491984390052]
39.73624480867365,[280.04750189875983,107.55366418071112,514.4714406648296,67.4463591525383,122.02684099944213,184.19277600151085,40.1951476360135,-9.378585773106165]
39.73624490815524,[280.0475025493963,107.55368346706814,514.4713725150434,67.44637195397038,122.02681947865008,184.19278199475076,40.19500010488808,-9.378513432322224]
39.73624534298295,[280.0475028167598,107.55398557055548,514.4713768720923,67.44636854830759,122.02678046189857,184.19278140324343,40.19501738870862,-9.3785538554387]
39.73624583562546,[280.0475213551282,107.55348215312185,514.4713822014211,67.44637146244528,122.02682759017395,184.19278268500773,40.194806763492025,-9.378503694356024]
39.73624603407095,[280.04758099439454,107.55371292819119,514.4709723656426,67.44634926875342,122.0269224635792,184.19278910353603,40.19498207372258,-9.378620686813969]
39.73624640081226,[280.04766396340744,107.55329483474677,514.471598810307,67.44635715910165,122.02697151852327,184.19276932962947,40.19525579185549,-9.378587245718677]
.
   46.0950	:  138.5993
  178.8083	:  161.2385
  179.9278	:  161.3007
  267.2597	:  234.8567
  319.2757	:  311.8127
  320.0342	:  311.8490
  483.9252	:  458.3350
  484.6179	:  458.3595
  543.5194	:  502.5432
  544.2356	:  502.5591
  600.2250	:  548.5680
  721.3285	:  572.8659
  962.9171	:  909.8597
 1143.8305	: 1118.3965
 1144.3157	: 1118.4428
 1187.2140	: 1166.9354
 1219.1833	: 1166.9386
 1219.3170	: 1184.8109

    3.0068
    0.9017
    0.8965
    0.8788
    0.9766
    0.9744
    0.9471
    0.9458
    0.9246
    0.9234
    0.9139
    0.7942
    0.9449
    0.9778
    0.9774
    0.9829
    0.9571
    0.9717
